Index	A	C	G	T
89	0.37057716663358187	0.13403797382201998	0.13764854129489287	0.3577363182495052
90	0.889235516495113	0.01067231847080402	0.09257181498074908	0.007520350053333739
91	0.5462117318314536	0.020840298523552903	0.41645034633038275	0.01649762331461082
92	0.4302406925551894	0.317539467473053	0.14236607587746292	0.10985376409429466
93	0.41217744194743094	0.3344546325570153	0.14150045355996918	0.11186747193558465
94	0.03533924213264627	0.7550958797449876	0.11294052115887795	0.09662435696348826
95	0.054208832492278994	0.37918156626187305	0.18666477244020355	0.37994482880564445
96	0.7527273723839515	0.12150269871743136	0.09486374672407513	0.030906182174541955
97	5.855222976192578E-4	0.08770379440749317	0.001198725818971234	0.9105119574759163
98	0.28393212069653606	0.24981654879612894	0.2888762473200739	0.1773750831872611
99	0.001766968012677767	0.1268305070789953	0.007186622103136648	0.8642159028051903
100	0.17602085207766702	0.036537501585714956	0.651264532012547	0.13617711432407112
101	0.9716530374896851	6.081742458572721E-4	0.027469429398073765	2.69358866383902E-4
102	0.0019178429214899218	0.021923820090240735	0.001484793114199953	0.9746735438740693
103	0.08428940171551198	0.6068556115643394	0.01805639642430979	0.2907985902958389
104	0.01586891432989195	0.6540398013216051	0.2199213608843367	0.11016992346416628
105	2.2481140318494723E-4	0.02180887656448117	4.691182532274924E-4	0.9774971937791064
106	0.6301401505378151	0.025966506285616444	0.14210719444572883	0.20178614873083955
107	0.883053606548504	0.0013516041268005492	0.11495659262218424	6.381967025111964E-4
108	0.977131399529282	5.17846045647373E-4	0.022124210769687562	2.2654365538300321E-4
109	0.05441858973901408	0.045770377196871624	0.8751874808787709	0.024623552185343442
110	0.8524976331610308	0.013456058371958398	0.10723457273954894	0.026811735727461823
111	8.026555384455462E-4	0.3789955759452742	0.0014774646216351049	0.6187243038946452
112	0.08866513405356335	0.01974884192999649	0.8868155024985915	0.004770521517848636
113	0.017011564921310604	0.31660387063058093	0.011185600437707745	0.6551989640104008
114	0.1898926321603625	0.09621276318363912	0.6415328208014597	0.07236178385453874
115	0.8871157133628809	0.011865948190995854	0.09875159746662186	0.0022667409795015183
116	1.931432991200479E-4	0.009554249657092452	4.1096730846884214E-4	0.9898416397353187
117	0.10117118870030206	0.04426812223593258	0.8434855463243659	0.011075142739399425
118	2.6557450963431243E-4	0.024620734691853066	5.494886282112595E-4	0.9745642021703014
124	0.0730171666697555	0.311644625221182	0.03847058695439746	0.576867621154665
125	0.8402752145752604	0.026743523156370026	0.08763164464148997	0.04534961762687943
126	2.7437346043956425E-4	0.01253155921358327	9.87360567043523E-4	0.9862067067589336
127	0.026870824749608165	8.119244069614703E-4	0.9718244757966066	4.92775046823755E-4
128	0.08889409751849582	0.26955282889807364	0.5732059990869434	0.06834707449648718
129	2.2455639837748386E-4	0.020874557126008792	4.7163118400253784E-4	0.9784292552916112
164	2.618357956212515E-4	0.029215996352039152	5.480217545790064E-4	0.9699741460977606
165	0.6391028227068042	0.003572615842977736	0.3562012185884024	0.0011233428618156929
166	6.755976299077359E-4	0.8958922778374439	0.001084095597831707	0.10234802893481673
167	0.07557070552826912	0.6320828036666601	0.019179948663050533	0.2731665421420202
168	0.4487091217084602	0.4581391838183293	0.05379812279175634	0.03935357168145418
169	0.9889932984821413	4.530199315604523E-4	0.010357519479056384	1.9616210724187155E-4
170	4.3305150756972686E-4	0.013049591818375117	6.440483938640474E-4	0.9858733082801912
171	0.4741317139401384	0.44074579206617187	0.05082002552780085	0.03430246846588896
172	0.004429124463724818	0.6676890297076588	0.006211804243008645	0.32167004158560786
173	0.40592330853219943	0.19494255533478075	0.2843051188574225	0.11482901727559744
174	0.6583085592283422	0.1256909370521085	0.18044981756262995	0.03555068615691926
175	0.5071084385159682	0.008257575284924934	0.46741009088064817	0.017223895318458776
176	2.2455639837748386E-4	0.020874557126008792	4.7163118400253784E-4	0.9784292552916112
177	5.473789411203038E-4	0.1514428319289865	0.001085314739971795	0.8469244743899215
178	0.02461349063721985	0.037408243478388434	0.04660224690771285	0.891376018976679
179	0.4031708663806665	0.0013639992363603224	0.5947682287233298	6.969056596434112E-4
180	0.9889932984821413	4.530199315604523E-4	0.010357519479056384	1.9616210724187155E-4
181	0.08923026919078211	0.019280127462738755	0.8214153659249225	0.07007423742155659
182	0.7787771794427533	0.00137911153512387	0.2191858120778703	6.578969442526188E-4
183	0.2250518505999219	0.07581433122629469	0.6887784331826488	0.010355384991134711
184	0.3064055938620606	0.01548722653103371	0.653838607489334	0.024268572117571805
195	5.855222976192578E-4	0.08770379440749317	0.001198725818971234	0.9105119574759163
197	6.570351492553662E-4	0.11184975697770433	0.001276183840940093	0.8862170240321002
198	0.0015316947631922172	0.41937783228856057	0.0026928006427101637	0.5763976723055371
199	0.9603758380465286	0.011923127085526397	0.025455320900686976	0.0022457139672580157
200	0.8845920448616402	0.0010341231207837951	0.11389854241455839	4.752896030175471E-4
201	0.007435227221333386	0.02712870700229128	0.005393600717185916	0.9600424650591894
202	0.9889932984821413	4.530199315604523E-4	0.010357519479056384	1.9616210724187155E-4
203	0.9603758380465286	0.011923127085526397	0.025455320900686976	0.0022457139672580157
204	0.9459850966291768	0.0011446638887679125	0.052068055467164816	8.021840148903509E-4
205	0.0017518903104337552	0.44784206761824946	0.0027914165352265403	0.5476146255360903
338	2.3222767153497097E-4	0.010725452905660385	4.4784461836407834E-4	0.9885944748044406
339	0.674255990750206	0.07629618755146608	0.1419317715886862	0.10751605010964177
340	0.03235103788007253	0.003991578725886233	0.9613322425834826	0.0023251408105586444
341	0.24569822025048252	0.0011999368176027901	0.7524547800001776	6.470629317370994E-4
342	0.007361096281083978	0.08529068970824835	0.010148240672657238	0.8971999733380105
343	0.11279638537903425	0.137863095221408	0.3191925082180289	0.43014801118152896
344	0.017209147811377876	0.4068698636163386	0.021135362376936823	0.5547856261953468
345	0.963428210712631	0.002461157334106938	0.03272704212924476	0.0013835898240175035
346	0.14811672987793714	0.005108096861522516	0.8431756125817279	0.003599560678812356
347	0.0013569828059374202	0.030150390678864596	0.0022889398014150435	0.966203686713783
348	0.8899933002073168	0.01686709864749123	0.06677108803345551	0.026368513111736394
349	0.2377992591556384	0.007127191045072645	0.7502210249878986	0.004852524811390208
350	0.27464031261757316	0.07266858215504138	0.35127007243007624	0.3014210327973093
351	0.041196595590867524	0.003925275709518937	0.9518758037251687	0.003002324974444899
352	0.0032175512177405967	0.9532784185547107	0.0039960983334243905	0.039507931894124215
353	0.00830207187245478	0.059031475280467566	0.03316523364761437	0.8995012191994632
354	0.28694768753644395	0.3409155772394911	0.07067365944800237	0.30146307577606263
355	0.1944083664332679	0.06924730934611423	0.1107810938400587	0.6255632303805592
356	5.857142002371251E-4	0.18091106025312895	0.0011551727926753705	0.8173480527539586
357	0.14112766619458475	0.06916035842579851	0.3044490080323647	0.4852629673472521
358	2.107648922909102E-4	0.011333231813494915	4.530909521367526E-4	0.9880029123420775
359	0.8958080039674771	0.0026246607258828044	0.09832037043544745	0.0032469648711926113
360	0.27998440972379635	0.0017004666911522117	0.7174257707056527	8.893528793988236E-4
361	0.14112766619458475	0.06916035842579851	0.3044490080323647	0.4852629673472521
362	0.20906107229702403	0.001891717830063963	0.7880403231819434	0.0010068866909686625
363	0.002813177419951708	0.17253693919449242	0.0025855334489887235	0.8220643499365671
364	8.372283700262364E-4	0.02227502567386072	0.0015082287344473306	0.9753795172216657
365	0.005234039182275568	0.04456457770764501	0.02233041478298597	0.9278709683270935
366	0.7389970440226724	0.019794902734937624	0.20977859246200772	0.03142946078038217
367	0.34048912320184477	0.014211677271577166	0.6341697951116217	0.011129404414956365
368	0.4578771855799249	0.11535281025819251	0.1290330937773083	0.29773691038457434
369	0.34048912320184477	0.014211677271577166	0.6341697951116217	0.011129404414956365
370	0.33706616692414276	0.3228807770315738	0.12216140944656136	0.21789164659772214
371	0.29466740020875826	0.11945515989250798	0.2585433962573696	0.3273340436413641
372	0.26072905416475955	0.2990194571117262	0.3386723892624449	0.10157909946106933
373	0.0046345018705792745	0.06430102084016842	0.006823615861393447	0.9242408614278589
374	0.10262488364873949	0.11755053247459218	0.4305941300350598	0.3492304538416084
375	0.09876780671644007	0.0116481405884161	0.879694322649688	0.009889730045455779
376	0.012153516769546823	0.35589170048675056	0.015898999792719713	0.616055782950983
419	0.010604636604307415	0.8806791266077384	0.0120631771538729	0.09665305963408112
420	0.019112810989617136	0.08685676410745889	0.05673254138610952	0.8372978835168146
421	0.4578771855799249	0.11535281025819251	0.1290330937773083	0.29773691038457434
422	0.01038781976059218	6.824292468130492E-4	0.9884949474731367	4.348035194580318E-4
423	0.01181404931365935	0.0015149972895260996	0.986094758899588	5.76194497226553E-4
424	1.931432991200479E-4	0.009554249657092444	4.1096730846884214E-4	0.9898416397353187
425	0.004639239236777853	0.0351033344132658	0.031156148290819054	0.9291012780591373
426	0.5113252970358427	0.2955286886104106	0.06055162680663539	0.13259438754711136
427	0.037530002477721924	0.04082330604079063	0.9143144616088603	0.007332229872627218
428	4.861622034696623E-4	0.9817270395395007	7.179802614903618E-4	0.017068817995539276
429	1.931432991200479E-4	0.009554249657092452	4.1096730846884214E-4	0.9898416397353187
430	0.9889932984821413	4.530199315604523E-4	0.010357519479056384	1.9616210724187155E-4
431	1.931432991200479E-4	0.009554249657092444	4.1096730846884214E-4	0.9898416397353187
432	1.931432991200479E-4	0.009554249657092452	4.1096730846884214E-4	0.9898416397353187
433	1.931432991200479E-4	0.009554249657092444	4.1096730846884214E-4	0.9898416397353187
434	0.9889932984821413	4.530199315604523E-4	0.010357519479056384	1.9616210724187155E-4
435	0.01861299429007614	7.332454422072762E-4	0.9801968098781126	4.569503896039454E-4
436	0.007747814604626885	0.919112405623368	0.03933482619925971	0.03380495357274538
437	0.036845188792128315	0.05128828351760936	0.4368548466219555	0.4750116810683069
438	1.931432991200479E-4	0.009554249657092452	4.1096730846884214E-4	0.9898416397353187
439	0.03351706455921022	0.0677265274724408	0.17030746367219995	0.728448944296149
440	0.9092787633165267	0.01449812464345863	0.06358369070426263	0.012639421335752032
441	0.023539183312864722	0.8604947776560997	0.02224911234214437	0.09371692668889126
442	0.014159449826398824	0.06731671157227548	0.022703583560805613	0.8958202550405201
443	0.1453475558688968	0.090508987876507	0.17506190216197212	0.5890815540926241
444	0.6502114054442166	0.05156492086433856	0.11014981075974656	0.1880738629316983
445	0.013759371660489846	0.12672300852343904	0.01547674947157512	0.844040870344496
446	0.023539183312864722	0.8604947776560997	0.02224911234214437	0.09371692668889126
447	0.9889932984821413	4.530199315604523E-4	0.010357519479056384	1.9616210724187155E-4
448	0.18630048804683255	0.02180983470391039	0.7868401841297278	0.005049493119529311
449	0.01038781976059218	6.824292468130492E-4	0.9884949474731367	4.348035194580318E-4
450	0.9584499582819663	0.0058117453986965386	0.02807414535403597	0.007664150965301062
451	0.03980651669285005	0.12498741821946821	0.4642497701653788	0.370956294922303
452	0.03447988825316433	0.27701809473505445	0.5375070483179235	0.15099496869385778
453	0.01514426707150243	0.9537688482565178	0.012824136327596946	0.018262748344383004
454	9.300047722286702E-4	0.8879102390651071	0.0015448565391696248	0.10961489962349447
455	0.016397096189598115	0.7608412071931664	0.026878267066418052	0.1958834295508173
456	0.5202479317487169	0.005068937094822926	0.4690376375538257	0.005645493602634391
457	0.0019421408913312711	0.3222266775826187	0.01418536851040876	0.6616458130156413
458	0.021690094112204395	0.04186017253840068	0.034872288161057044	0.9015774451883379
459	0.012970431064034109	0.0018990777020627843	0.9825494435723846	0.0025810476615184914
460	0.01038781976059218	6.824292468130492E-4	0.9884949474731367	4.348035194580318E-4
461	4.64165307797273E-4	0.9892451132461277	6.72482773890624E-4	0.009618238672184327
462	0.9889932984821413	4.530199315604523E-4	0.010357519479056384	1.9616210724187155E-4
463	0.01038781976059218	6.824292468130492E-4	0.9884949474731367	4.348035194580318E-4
464	4.64165307797273E-4	0.9892451132461277	6.72482773890624E-4	0.009618238672184327
465	4.64165307797273E-4	0.9892451132461277	6.72482773890624E-4	0.009618238672184327
466	4.64165307797273E-4	0.9892451132461277	6.72482773890624E-4	0.009618238672184327
467	0.0026054316289283834	0.9837086033380561	0.00181056811740466	0.011875396915610865
468	0.9798479524592261	0.00310756747833713	0.016450671206837065	5.938088555996931E-4
469	0.2532490848510192	0.5471577032360097	0.16553672738779765	0.0340564845251735
470	0.8820324071188549	0.023714564908350062	0.07971535086696933	0.014537677105825646
471	0.957473621052849	7.361249140293132E-4	0.04145745900089668	3.3279503222503063E-4
472	0.9692017770664587	0.0022081224554691857	0.02458991904738298	0.004000181430689103
473	0.9380681804351295	0.0019084987648186299	0.05900150943825104	0.0010218113618009573
474	7.686834988668838E-4	0.018814092466286143	0.001370601947139977	0.979046622087707
475	0.001801171902370931	0.9731838399845246	0.0023014075685338087	0.022713580544570663
476	6.801029369137915E-4	0.8943465139703527	0.001098341075931281	0.10387504201680225
477	0.9246939873787925	0.011454834258604928	0.04089653184587792	0.02295464651672459
478	0.04805612765822478	0.5178123185657891	0.3868990030084501	0.04723255076753604
479	0.6009178358461226	0.03103277887754263	0.3006177160148634	0.06743166926147133
480	0.029510831730971288	0.06436528726541041	0.014400070124059597	0.8917238108795588
481	0.10214961412556858	0.08649631828666382	0.15995931456547793	0.6513947530222897
482	0.03585961936983474	0.2714473820398455	0.021037739905400935	0.6716552586849188
483	0.018055388599497433	9.890871981300588E-4	0.9803475670389225	6.07957163450073E-4
486	0.5608179135167313	0.01993449272834989	0.3872952539440846	0.03195233981083427
487	0.2746258333344236	0.45271601881173584	0.22781670174200075	0.04484144611183985
488	0.16650758587651232	0.31611873760800496	0.23438206102717996	0.2829916154883029
489	0.41869714305681766	0.002666022926898067	0.577234373861528	0.0014024601547563173
490	0.01861299429007616	7.332454422072769E-4	0.9801968098781126	4.569503896039458E-4
491	0.9731281586811917	6.000515024290522E-4	0.026005378312711543	2.664115036676305E-4
492	0.8349230605908341	0.02994187543960571	0.1260614356594413	0.009073628310118962
493	0.8386113994880161	0.001122563708616622	0.15972371363424898	5.423231691183154E-4
494	0.08600074924568722	0.2700126486933233	0.6034265943959995	0.040560007664990017
495	0.005154248114264368	0.7483807062026793	0.0071857804652634165	0.23927926521779294
496	0.04043676028057676	0.8856848047443864	0.019747801983115872	0.05413063299192101
497	0.004234285987420798	0.19197108382345993	0.006362712309603495	0.7974319178795158
498	0.006765408279612664	0.9727763993312265	0.003905402357871592	0.01655279003128918
499	0.155652372097997	0.5026138348490534	0.04123860656400987	0.30049518648893975
500	0.03629482021224728	0.07356820337733275	0.881076156511875	0.009060819898544995
501	8.72861600386246E-4	0.40469330317727154	0.0016568282642201177	0.5927770069581221
502	0.010905070424038831	0.21703623934442792	0.09926427153698136	0.6727944186945519
503	0.8009233082843341	0.07639048483307175	0.11527097572216351	0.007415231160430637
504	0.00505386066048808	0.1224928278364112	0.057935137718186286	0.8145181737849144
505	0.19017685017011818	0.10998201411958455	0.5434178612214489	0.15642327448884835
506	5.390604650511386E-4	0.2538626282696152	0.0010110385055279532	0.7445872727598057
507	4.2673131051680846E-4	0.11388652235568855	8.520160232241053E-4	0.8848347303105706
508	0.07181537280569787	0.005778350116722677	0.9074396563164954	0.014966620761084175
509	0.056565589775885834	0.1476331333441878	0.5004536387223262	0.2953476381576003
510	0.031090285262522145	0.022891107930186297	0.816987740240174	0.12903086656711757
511	0.001148515056953489	0.6167469402514492	0.001538708492428987	0.3805658361991684
512	0.49808107322519063	0.057462417954591095	0.071145064610734	0.3733114442094842
513	0.055034100156599125	0.001170938892888309	0.9431232721275615	6.716888229510945E-4
514	0.9267745513924207	0.02596134784477451	0.0377704260653676	0.009493674697437105
515	0.0029929384806103455	0.07250310864049965	0.01425392145385631	0.9102500314250338
516	0.022291951755351067	0.03981340356123182	0.010709798436490487	0.9271848462469267
517	0.9266623979306717	0.021534184318832136	0.03873705075374897	0.01306636699674711
518	0.1546147938634473	0.0022445070229106315	0.841877964541169	0.0012627345724731003
519	0.07729831802006558	0.00169979646700492	0.9200093171303773	9.925683825522166E-4
520	0.0019994156165842984	0.49920966190155147	0.003418948042872259	0.495371974438992
521	0.8970001814865367	0.0027975926834428047	0.09699429678786153	0.0032079290421589217
522	0.014880527588936442	0.0010103598311834662	0.9834538111495451	6.553014303350274E-4
523	6.561396933572307E-4	0.07338864426304051	0.001286412420070376	0.9246688036235319
524	6.993384872675967E-4	0.9844602257260684	9.98200157583618E-4	0.013842235629080425
525	0.2103452296155733	0.0021181068896931107	0.78633969217159	0.0011969713231435289
526	0.15945254459686342	0.1539830390273099	0.4757909177176012	0.2107734986582255
527	0.9017953981148271	0.0021471133034126084	0.09421766072876886	0.0018398278529912968
528	0.005117995384136859	0.03563535783998951	0.003835092237443719	0.95541155453843
529	0.9128651232625942	0.003270012530307771	0.0819705513962364	0.0018943128108615608
530	0.09171145241860824	0.0038331859650781296	0.9016881285211906	0.002767233095122939
531	0.3683647960688152	0.11617304468965507	0.11379765700196327	0.40166450223956646
532	0.9359700339368596	0.005359861480952508	0.05534236871963303	0.0033277358625548414
533	0.7653875255606851	0.04350544558408126	0.14714426394836755	0.04396276490686618
534	0.056318158783040785	0.3239673959118712	0.05318083348869588	0.5665336118163921
535	0.7653875255606851	0.04350544558408126	0.14714426394836755	0.04396276490686618
536	0.02294836547310033	0.6143899534193284	0.02419112500478963	0.3384705561027817
537	0.4820846523893825	0.11012011948277371	0.13047102730211127	0.2773242008257326
538	0.012593386151496789	0.07967491653357352	0.01509481256385082	0.8926368847510789
539	0.13709534529863937	0.1363609368510806	0.6708971286899549	0.05564658916032521
540	0.023689168352378435	0.8295550552153641	0.02346061338710589	0.12329516304515162
541	0.12444964269222071	0.02215609350535821	0.8312039526713627	0.022190311131058477
542	0.11735987155230071	0.11357516721673047	0.4439910263319482	0.3250739348990206
543	0.11727537461130623	0.4680008424723299	0.2813574884088764	0.13336629450748747
544	0.12444964269222071	0.02215609350535821	0.8312039526713627	0.022190311131058477
545	0.012593386151496789	0.07967491653357352	0.01509481256385082	0.8926368847510789
546	0.09157347793478368	0.1257812656814191	0.24975989567955076	0.5328853607042465
550	8.9630906235082E-4	0.783925930285378	0.0015512855439231612	0.21362647510834792
551	0.0011736903754579362	0.9278067253788367	0.003732646116513381	0.06728693812919204
552	0.005901863588054184	0.10073154907734984	0.038987672568050066	0.8543789147665459
553	0.9256793433126128	0.0290346163071113	0.03324716668643157	0.012038873693844305
554	0.9792777034413284	0.001621009758070018	0.017507474766684582	0.0015938120339170226
555	0.39010295633775255	0.0151236868025952	0.5716930446076874	0.023080312251964722
556	0.10087538818266449	0.0612228984582752	0.02233942450352916	0.8155622888555312
557	0.9889932984821413	4.530199315604523E-4	0.010357519479056384	1.9616210724187155E-4
558	0.8083641538557115	0.10530790522087319	0.05383034638964377	0.03249759453377156
559	0.04967652199105074	0.6354188570766776	0.014147583411125066	0.3007570375211467
560	0.2143465186168423	0.06379196693324306	0.20938003333287264	0.512481481117042
561	0.031355685865171005	0.20334568596183092	0.056080297077075285	0.7092183310959228
562	0.9358262187547028	0.0022721911653554357	0.060625138392748364	0.001276451687193195
563	0.001801171902370931	0.9731838399845246	0.0023014075685338087	0.022713580544570663
564	0.001801171902370931	0.9731838399845246	0.0023014075685338087	0.022713580544570663
565	7.686834988668838E-4	0.018814092466286143	0.001370601947139977	0.979046622087707
566	0.05030936443203262	0.0053889973264619915	0.9400707715961785	0.004230866645326817
567	0.014490194561168524	0.8891787933961344	0.037297129834840514	0.0590338822078567
568	0.0031647823374805267	0.10749808260820223	0.004886223031332583	0.8844509120229846

