Index	A	C	G	T
1	0.6501249506816393	0.06995966617564293	0.20065065184498515	0.07926473129773269
2	0.11629942576632053	0.47598847956456836	0.09518667996117781	0.3125254147079332
3	0.11629942576632053	0.47598847956456836	0.09518667996117781	0.3125254147079332
4	0.6501249506816393	0.06995966617564293	0.20065065184498515	0.07926473129773269
5	0.11629942576632053	0.47598847956456836	0.09518667996117781	0.3125254147079332
6	0.6501249506816393	0.06995966617564293	0.20065065184498515	0.07926473129773269
7	0.6501249506816393	0.06995966617564293	0.20065065184498515	0.07926473129773269
8	0.6501249506816393	0.06995966617564293	0.20065065184498515	0.07926473129773269
9	0.11629942576632053	0.47598847956456836	0.09518667996117781	0.3125254147079332
10	0.6501249506816393	0.06995966617564293	0.20065065184498515	0.07926473129773269
11	0.3467773942146357	0.3330561857757457	0.1627997108496932	0.15736670915992537
12	0.029276076974569278	0.3364927113914552	0.03253195994855119	0.6016992516854244
13	0.17618654259013034	0.36170415624828867	0.27592841971924986	0.1861808814423311
14	0.03095240600921605	0.4329258418793181	0.03381352977226377	0.502308222339202
15	0.5908459923197241	0.031892391265166166	0.3489338696734308	0.028327746741678938
16	0.310400724267991	0.08859262037923252	0.4897632188809487	0.11124343647182773
17	0.07924018168749962	0.18763615554860144	0.07182798092309252	0.6612956818408064
18	0.07924018168749962	0.18763615554860144	0.07182798092309252	0.6612956818408064
19	0.07924018168749962	0.18763615554860144	0.07182798092309252	0.6612956818408064
20	0.310400724267991	0.08859262037923252	0.4897632188809487	0.11124343647182773
21	0.13208275212767911	0.14405444218816582	0.3503558439997733	0.37350696168438174
22	0.02160765311231399	0.44236660244832027	0.025341037230803488	0.5106847072085623
23	0.37383667804964404	0.34780552153559924	0.14927746172435183	0.12908033869040492
24	0.1615330905203075	0.3045017939039643	0.38687901337582326	0.14708610219990498
25	0.37383667804964404	0.34780552153559924	0.14927746172435183	0.12908033869040492
26	0.008638738703890312	0.586440677520919	0.011560194395879391	0.3933603893793114
27	0.045726173496340256	0.42920545784056857	0.11690064331050007	0.408167725352591
28	0.00840859734321829	0.6820304158352888	0.011026894251177291	0.2985340925703156
29	0.04463033494400414	0.7240662918981479	0.10302262235828043	0.12828075079956758
30	0.0950309924126162	0.008458730163699106	0.8898578846353261	0.0066523927883586
31	0.424225022208286	0.1782401282880208	0.331244576928582	0.06629027257511101
32	0.639729698704624	0.07736702936315261	0.13786405424900508	0.14503921768321826
33	0.7618599541353569	0.008416206344020452	0.22432246790259416	0.005401371618028548
34	0.12252925222171572	0.055026402341206815	0.7173065622265153	0.10513778321056222
35	0.1336396322009884	0.10192382523492867	0.7224841489838705	0.04195239358021249
36	0.40785854001112687	0.11728057223590659	0.4313034303660407	0.043557457386925805
37	0.7618599541353569	0.008416206344020452	0.22432246790259416	0.005401371618028548
38	0.07869588543299207	0.25488565260578805	0.38927319758807466	0.27714526437314513
39	0.13062718784531493	0.1545859876317705	0.6080161572271264	0.10677066729578809
40	0.09460258192540563	0.36457851429649496	0.4556520205418457	0.08516688323625367
41	0.018370957096624844	0.5850101920824453	0.049149703581369095	0.34746914723956085
42	0.011766834973016319	0.8736621939113414	0.024605536023147252	0.089965435092495
43	0.06066449012796964	0.6062793188767142	0.2032825963428861	0.1297735946524302
44	0.008207155253678338	0.6607796283852315	0.011022801575074528	0.3199904147860157
45	0.08440420674953493	0.007704649046685178	0.901829420168499	0.006061724035280987
46	0.13563993378600764	0.2020633657511265	0.6051271612495505	0.05716953921331549
47	0.6471466100599429	0.003839459228948617	0.3468804798041694	0.0021334509069391304
48	0.01027811443066833	0.8586479601014719	0.028046639229510027	0.10302728623834984
49	0.0018685835948560729	0.9606251149210361	0.0025609672284363717	0.03494533425567144
50	0.7379224405884298	0.021563081057457023	0.21229535549163261	0.028219122862480534
51	0.018596783311560592	0.7854678309077546	0.06867100034517282	0.12726438543551208
52	0.0018685835948560729	0.9606251149210361	0.0025609672284363717	0.03494533425567144
53	0.0018685835948560729	0.9606251149210361	0.0025609672284363717	0.03494533425567144
54	0.027028666882753252	0.9063409579641607	0.01643766607337652	0.05019270907970951
55	0.005899443476685903	0.9513723894659739	0.00450593911922198	0.038222227938118025
56	0.0018685835948560729	0.9606251149210361	0.0025609672284363717	0.03494533425567144
57	0.01301513149419392	0.20373079684863082	0.041462858032435795	0.7417912136247395
58	0.0577099202404676	0.41028159754789006	0.19272706362690972	0.3392814185847327
68	0.7875630082939851	0.05296062565034017	0.1457461010548165	0.013730265000858412
69	0.0443801691631566	0.1064655010669456	0.7667419245855801	0.08241240518431772
70	0.10198130665074158	0.001995419790897814	0.894809435047068	0.001213838511292723
71	0.07023601513865126	0.004106345398255929	0.9212735666418677	0.004384072821225206
72	0.033723076143023056	0.0014262757093543904	0.9639206342189962	9.300139286262787E-4
73	0.04873402263918835	0.0014763924502794155	0.9488378830084905	9.517019020416645E-4
74	0.16950341534558733	0.0055546226881020705	0.8193473760389163	0.005594585927394209
75	0.014117324562379576	0.3480062314004415	0.09389908122925288	0.5439773628079261
76	0.05374300626216047	0.013672408308531506	0.8979250867889529	0.03465949864035516
77	0.4121726441255551	0.005391391844231825	0.5777883105421726	0.004647653488040491
78	0.025567695934435013	0.7992177123537026	0.06158516502920149	0.11362942668266081
79	0.6558503114694276	0.0582732665280139	0.27097004168948824	0.014906380313070277
80	0.004788621854319694	0.9235467691318312	0.004130026996112419	0.06753458201773656
84	0.15608678270178716	0.19335884356749614	0.5432736071222459	0.10728076660847087
85	0.0026753938579645717	0.2528237986967737	0.009004029187142649	0.7354967782581191
86	0.02740580983935803	0.8254647487339691	0.08159896778167713	0.06553047364499572
87	0.011314656006812803	0.945819295448001	0.013381580882192014	0.02948446766299409
88	0.0010695427312574246	0.9460210921450102	0.0015603657369383194	0.05134899938679405
89	9.025430186181305E-4	0.9812399886216191	0.0012459106006846672	0.01661155775907806
90	0.11896397879492099	0.0688521180513938	0.7988422291120238	0.013341674041661398
91	4.8406293560290765E-4	0.031283581085700424	9.377786003157778E-4	0.9672945773783809
92	0.4548241074083634	0.1009800903980408	0.42531594018440594	0.018879862009189907
93	0.09614804617230355	0.08935140093899085	0.21332719437237743	0.6011733585163281
94	0.16183149937323155	0.002559896716424751	0.8340738511429681	0.001534752767375715
95	0.0012493649994405357	0.9706384457922829	0.0017520741967478658	0.02636011501152875
96	0.5673373967589	0.3032473591093695	0.09642949558352634	0.032985748548204116
97	0.1686202832802693	0.0773283914063633	0.7011707200270921	0.0528806052862753
98	0.15013214601205005	0.048992485962442225	0.7307576946084698	0.07011767341703791
99	0.16221176520979846	0.10097296785749145	0.6792263833373546	0.05758888359535544
100	0.16221176520979846	0.10097296785749145	0.6792263833373546	0.05758888359535544
101	0.21715677024314828	0.02740767208114562	0.727294784279106	0.02814077339660008
102	0.28683484168172424	0.12144756772345833	0.25402265562623716	0.33769493496858033
103	0.596321960776127	0.021742975632132924	0.3736416102410793	0.008293453350660923
104	0.005995274260728541	0.5034167208967616	0.008322903085814114	0.48226510175669585
105	0.5655636078173877	0.06796675645332843	0.2411198549619919	0.12534978076729206
106	0.22651017975442148	0.09051268873579715	0.6311169479733995	0.05186018353638197
107	0.0833641578897776	0.002424821058665792	0.9126828285953573	0.0015281924561993954
108	0.9556234626411054	0.0034771029056492246	0.0397694458562041	0.0011299885970412484
109	0.6129507735071072	0.11588882420611275	0.2351353433800729	0.03602505890670703
110	0.08096395460887454	0.00580294614520244	0.910755870233854	0.0024772290120691335
111	0.198006506771747	0.5564033669002213	0.19089345808589317	0.05469666824213843
112	0.02599797787794153	0.8209380030887301	0.055211948602107604	0.09785207043122056
113	0.010435662963129849	0.16509111688043826	0.01618276652030122	0.8082904536361306
114	0.3542867621570563	0.003510409630104302	0.6402085623749134	0.001994265837926106
115	0.5740313734758853	0.0030441742953470773	0.42127318600954855	0.0016512662192190476
116	0.8479576854115688	0.002129265816698509	0.14884376319686787	0.0010692855748648527
117	0.3242857714650233	0.03213786837580169	0.6360308686452023	0.007545491513972706
123	0.10484738943641653	0.2646598768787429	0.6043729795873063	0.026119754097534285
124	0.2605627189803566	0.6052952865187531	0.09560984991136724	0.03853214458952311
125	0.9800292693418404	8.769229824043225E-4	0.018679184238226277	4.146234375290227E-4
126	0.001929539341212777	0.05448010311738283	0.002347625457009758	0.9412427320843947
127	0.0018665730230161153	0.9432905498986501	0.003903047637672832	0.050939829440661
128	0.1933363515285206	0.6611255132699698	0.051585708584503856	0.09395242661700563
129	0.2372415926912087	0.3897444759168221	0.058899374047105636	0.3141145573448636
130	0.007863506902783406	0.7714955179174495	0.007156642526343642	0.2134843326534235
131	0.553301205529264	0.3542228095718492	0.06965922020062001	0.02281676469826691
132	6.306110801801978E-4	0.0666293498099301	0.001180192516967711	0.931559846592922
133	0.0026087076923079384	0.5201433474207305	0.0031914164336047657	0.4740565284533568
134	0.14898266097142931	0.2921574650800568	0.041020396307931056	0.5178394776405829
135	0.11314568639438179	0.26402832170310836	0.1009696925307592	0.5218562993717507
136	0.4968730194698516	0.020055471376163727	0.4394607449845079	0.04361076416947683
137	0.34967126717468244	0.008722369216472023	0.6309913198921285	0.01061504371671709
138	0.025614595676162123	0.07270427883998763	0.03877372919462754	0.8629073962892228
139	0.774783678642676	0.01755184523120125	0.1746417506331232	0.03302272549299964
140	0.0699288517250434	0.04535407059923927	0.5999739730939434	0.284743104581774
141	0.2314941710983057	0.0021729110426163315	0.7650714619974748	0.0012614558616033651
142	0.39772243752428893	0.00757331831044388	0.5920551043267037	0.002649139838563477
143	0.3452383279228731	0.005633126860350085	0.6470047147760595	0.002123830440717268
144	0.003908963083990408	0.9639035042671998	0.003295767332561537	0.02889176531624816
145	0.07494412801794761	0.12278672820592286	0.06531393405866277	0.7369552097174668
146	0.6534503129135179	0.013738141971678604	0.3110309984741994	0.02178054664060423
147	0.10193535021929408	0.2509764173856911	0.5982888847196403	0.04879934767537448
148	0.08798509754495946	0.009112097004320066	0.8795745512587205	0.023328254192000058
149	0.07830298375854419	0.0017196617390671236	0.9189002294160789	0.0010771250863099019
150	0.05797267419484953	0.2749132850480893	0.3225093297520412	0.3446047110050199
151	0.1029891779717754	0.8106081372808593	0.02470418291560705	0.06169850183175824
152	0.0010568221498872177	0.254120629380846	0.0018801955679946278	0.7429423529012722
153	0.014596621218029317	0.10850055566878326	0.12153721915261556	0.7553656039605718
154	0.0039001435612575144	0.917674103453612	0.007249846437371011	0.0711759065477595
155	0.7635205010352378	0.09814391146340422	0.12496648963687969	0.013369097864478287
156	0.0017775284520561408	0.26053346616209694	0.004741422981614583	0.7329475824042323
157	0.08914216057487422	0.3597758506052658	0.354232249180999	0.19684973963886096
158	0.031918437457392534	0.41907134251297046	0.02218413071559943	0.5268260893140375
159	0.04229709808112343	0.8901993902759961	0.02792782414169137	0.039575687501189
160	0.1841135103596836	0.006174299975212495	0.802766146988886	0.006946042676217739
161	0.0036579119091624483	0.8919198528003108	0.010033139540332978	0.09438909575019379
162	0.0014068954726484853	0.07321781000777716	0.0038170867622487233	0.9215582077573257
163	0.012484533887238277	0.8372751073316841	0.014365109712207093	0.1358752490688706
164	0.4549526225367393	0.16084371125580874	0.3191421707386665	0.06506149546878554
165	0.13891363170571458	0.013911576947867179	0.8355231059037129	0.01165168544270534
166	0.025745244256605532	0.8045292712118786	0.06476288553125707	0.1049625990002588
167	0.10252836255994609	0.035155530817481344	0.8008556127724075	0.06146049385016514
168	0.37002806341916167	0.44746274608168174	0.10862151751427296	0.07388767298488358
169	0.3428453135764423	0.04439268077222131	0.594731756461997	0.018030249189339338
170	0.054417810645316686	0.14441915587700418	0.7015124183026596	0.09965061517501947
171	0.03670491679673991	0.0046120227808996205	0.9535478715201331	0.0051351889022274244
172	0.09913958777120119	0.7162132142608725	0.13446406826268456	0.05018312970524175
173	9.82922047873625E-4	0.963674340133928	0.0013992009028418455	0.0339435369153564
174	0.09532533355566934	0.007798143983512017	0.8944362180902689	0.002440304370549727
175	0.4531053300764742	0.002062812638806031	0.5436918766714739	0.001139980613245905
176	0.9722646641960344	0.0025157707991486688	0.024504707447461253	7.148575573556975E-4
177	0.981491976934871	8.421358080257372E-4	0.017266813293536545	3.990739635667337E-4
178	0.8732487031567924	0.0025687265136334963	0.12322821492474492	9.543554048292858E-4
179	0.018915949694257334	0.0015023535086806459	0.9784288344651632	0.0011528623318988575
180	0.013548300701933596	0.7769892532889688	0.03140782155480672	0.17805462445429088
181	0.05294742191390891	0.015829099747891553	0.9085011431772297	0.022722335160969817
182	0.009023312895184016	0.5742482292530182	0.05273776288418818	0.36399069496760955
183	0.001582375608913772	0.9751194285954798	0.0031536583704917186	0.02014453742511463
184	0.0011306483277590147	0.0240313483936464	0.0015362990195725876	0.9733017042590221
185	0.5147979281932221	0.0038930785587102325	0.4791104090519379	0.002198584196129682
186	0.01792017510820468	0.001254648188253239	0.9799787269687178	8.464497348242296E-4
187	0.4225302964150114	0.13697965414817523	0.38991526573879487	0.05057478369801861
188	0.0022202286211453646	0.04523608073825291	0.003528928186582255	0.9490147624540195
189	0.03669576240347538	0.10704373995569932	0.17143680875109038	0.684823688889735
190	0.07991248460176449	0.5630721476293018	0.2679200230998129	0.08909534466912082
191	0.21314302255183834	0.5662348627645412	0.13977900955779404	0.08084310512582649
192	0.0059991273257546975	0.6297135423976616	0.008068883353133122	0.3562184469234506
193	0.618946984416398	0.06707803213163242	0.18740784789145443	0.12656713556051524
194	0.0662350239162129	0.11401047649319025	0.11973871697661707	0.7000157826139798
195	0.092037075202212	0.08377173601790347	0.5727808636231746	0.25141032515670986
196	0.06531313819875022	0.006110791398453291	0.9237316492829085	0.004844421119888009
197	0.7899052479182729	0.07190077475519316	0.09659267160693186	0.04160130571960205
198	0.005754832478732436	0.4952149233272689	0.008059971427857976	0.4909702727661407
199	0.7781968780607778	0.008260862520985169	0.20804696265497455	0.005495296763262675
200	0.06531313819875022	0.006110791398453291	0.9237316492829085	0.004844421119888009
201	0.13898021507316732	0.027365039355647533	0.8048911849313107	0.028763560639874564
202	0.13898021507316732	0.027365039355647533	0.8048911849313107	0.028763560639874564
203	0.01708835544980246	0.08831561368903608	0.01935974161565723	0.8752362892455042
204	0.01708835544980246	0.08831561368903608	0.01935974161565723	0.8752362892455042
205	0.03696590503676346	0.7549449567655392	0.03538790461888255	0.17270123357881484
206	0.08706763565751868	0.5786780220742382	0.07432082125802528	0.25993352101021777
207	0.1919660762998749	0.036123122904949026	0.7341539474403826	0.03775685335479349
208	0.15533486192582036	0.2749424243790032	0.46998172189147647	0.09974099180369989
209	0.251735155456846	0.14508332397213763	0.09597600096229396	0.5072055196087225
210	0.5492704624475431	0.02613283923776247	0.4001311668163306	0.02446553149836397
211	0.13898021507316732	0.027365039355647533	0.8048911849313107	0.028763560639874564
212	0.13687130013163518	0.10127627051624359	0.45577942397720045	0.3060730053749209
213	0.08026892672957393	0.13934247216285697	0.2414833347511154	0.5389052663564537
214	0.15573917907646168	0.0657549295185534	0.7318476369197484	0.04665825448523657
215	0.13898021507316732	0.027365039355647533	0.8048911849313107	0.028763560639874564
216	0.01708835544980246	0.08831561368903608	0.01935974161565723	0.8752362892455042
217	0.8684191291946788	0.019400435642190704	0.09506927811252658	0.017111157050603745
218	0.8684191291946788	0.019400435642190704	0.09506927811252658	0.017111157050603745
219	0.8684191291946788	0.019400435642190704	0.09506927811252658	0.017111157050603745
220	0.005704929998167484	0.2009025277711329	0.008187397130217123	0.7852051451004823
221	0.005193448701113075	0.9257813032072846	0.006255981519157245	0.06276926657244515
222	0.005193448701113075	0.9257813032072846	0.006255981519157245	0.06276926657244515
223	0.006992833373884144	0.7212036761775346	0.009329156487477267	0.26247433396110403
224	0.15784096365851408	0.006988862991928495	0.8299172275112429	0.005252945838314585
225	0.26130290441574794	0.009217586406354051	0.7228859932172621	0.006593515960635831
226	0.0029499111089483243	0.11924108860734492	0.004568431379618189	0.8732405689040885
227	0.10952043286536761	0.04504677776768068	0.7623115658013604	0.0831212235655914
228	0.2560036515603384	0.009845555112038672	0.7269752553765877	0.0071755379510352775
229	0.08440420674953493	0.007704649046685178	0.901829420168499	0.006061724035280987
230	0.11919161456554547	0.15601937034694874	0.6606039670879987	0.0641850479995071
231	0.06413582512686532	0.30366419853594917	0.1678602003599427	0.4643397759772428
232	0.02042085430279466	0.10483557588154788	0.05852764590934076	0.8162159239063167
233	0.0011123304317223917	0.9099160450146776	0.0016622886407718148	0.08730933591282809
234	0.02100446184241851	0.9136952586480973	0.03483322550074805	0.030467054008735978
235	0.9727733605909554	0.002312131799559422	0.02416877232479804	7.457352846869806E-4
236	0.0017695298844776124	0.21144643751905867	0.0030353532925025137	0.7837486793039612
242	0.48872127264879706	0.0038822183765909457	0.5051987478029473	0.0021977611716648277
243	0.12868871180746982	0.0766112499024392	0.7315140955898296	0.06318594270026136
244	0.1556277668926024	0.5868021429297571	0.21664324152897305	0.04092684864866743
245	0.003941018658406868	0.6234910522697045	0.016556915818345508	0.35601101325354306
246	0.3764688552746513	0.07546999952566497	0.17656385937068583	0.371497285828998
247	0.0014074439564144537	0.8295072814457431	0.0021827576952230267	0.16690251690261942
248	0.42165802977147415	0.03524559516755479	0.46858687632323975	0.0745094987377314
249	0.1264896875836669	0.002139893151109073	0.8700845619286393	0.0012858573365847616
250	4.727098032339383E-4	0.03086896243197655	9.109945046527535E-4	0.9677473332601367
251	0.9048404444332838	0.0012807997914218896	0.09324547355247642	6.332822228179357E-4
252	0.02428221792068791	0.003444147728860543	0.9673471637298284	0.004926470620623074
253	0.021173259788165564	0.0022699889594031747	0.9743314489651698	0.0022253022872613846
254	0.6494866741602064	0.09384375991115154	0.15148988900214677	0.10517967692649524
255	0.03374621984737935	0.07975986934723764	0.7664125221462248	0.1200813886591583
256	0.10006748554027602	0.07278446870703258	0.3733968648787559	0.4537511808739355
257	0.054695985730429705	0.0015893602340845314	0.9427053515756401	0.0010093024598457464
258	0.03295541756308282	0.1295687028375587	0.44314786343807594	0.3943280161612825
259	0.005043754745946299	0.9452521627197713	0.019679646199565762	0.03002443633471667
260	0.1931275331819809	0.07047739579547786	0.403601324603171	0.3327937464193702
261	0.003387153852669415	0.23648678183462893	0.0033390831281679143	0.7567869811845338
262	0.4560646639356745	0.03535345037794325	0.4557953960931865	0.05278648959319579
263	0.02087167158552425	0.21786258965493666	0.018665016068327763	0.7426007226912114
264	0.0655428895729499	0.4045108547682888	0.2755330103981912	0.25441324526057
265	0.5679590766281185	0.11877116598695625	0.28853741809046785	0.02473233929445742
266	0.16758687665697067	0.004336207462582673	0.8254103192747662	0.0026665966056804817
267	0.07768729382674995	0.0025409937773521987	0.9181772571279686	0.0015944552679292806
268	0.032694690699735275	0.8827811172776379	0.04002324219195052	0.04450094983067624
269	0.3752288728534407	0.0038651270159301165	0.6186973187674095	0.002208681363219589
270	0.1123415759874451	0.0018653190779241388	0.8846614632391467	0.0011316416954840912
271	0.0017911210643787809	0.7057786892318864	0.0028796966264441224	0.28955049307729086
272	0.0015076333168559223	0.5268264535800764	0.0025347636849465858	0.46913114941812123
273	0.007390139946642943	0.5312321706111557	0.00873398740594456	0.45264370203625687
274	0.06980728866982498	0.7054202336745011	0.16750170881715973	0.057270768838514195
275	0.06632970855436612	0.3287597542150229	0.5499589391355835	0.05495159809502747
276	0.9290355636555695	0.0017667332218583495	0.0683095843199265	8.881188026455527E-4
277	0.016782643767488437	0.6189025843934515	0.06658601096799545	0.29772876087106476
278	0.033455678738422354	0.003935281643467455	0.9589327895151012	0.0036762501030089922
279	0.8885949344541011	0.04130403886001834	0.06258333267775086	0.007517694008129732
280	0.0014729595615985984	0.970002792538377	0.0020052668334609287	0.02651898106656345
281	0.010642362977667463	0.8299566758883798	0.04388866044002748	0.11551230069392517
282	0.20120834954648814	0.4963860002431895	0.22043207643621085	0.08197357377411155
283	0.004429148227728164	0.8332469889593432	0.006132846928227935	0.15619101588470072
284	0.005248715784099025	0.5428862127988286	0.00787346141869519	0.4439916099983772
285	0.3137254718431354	0.13411454973163225	0.5177668433057697	0.03439313511946252
286	0.004429148227728164	0.8332469889593432	0.006132846928227935	0.15619101588470072
287	0.021887236359687704	0.5516970882542611	0.04917738584268052	0.37723828954337063
288	0.004341324616502127	0.80805207174008	0.006062287262146007	0.1815443163812719
289	0.003543162527603614	0.9335314110247462	0.004633954782738947	0.05829147166491122
290	0.005936064680164833	0.5018421208761824	0.01682878188604503	0.4753930325576076
291	0.042958030031658524	0.02024847314937769	0.9296555405758843	0.0071379562430795
292	0.7192599603219278	0.02285236846186869	0.2418466683009728	0.016041002915230702
293	0.07281160829527197	0.002445590889247383	0.9231520082502598	0.001590792565220912
294	0.4868100535487009	0.018446477772098038	0.48887780788313434	0.0058656607960667784
295	0.024053625492815724	0.6583218201687698	0.13090465324842526	0.18671990108998923
296	0.6249880132076198	0.03974291126368667	0.2579447170360821	0.07732435849261146
297	0.6414004079990304	0.06131665613562227	0.26405988867169844	0.033223047193648804
298	0.16221176520979846	0.10097296785749145	0.6792263833373546	0.05758888359535544
299	0.2840260378710258	0.5414250017335785	0.09908957085348481	0.07545938954191082
300	0.14334163819664025	0.7058411089072535	0.06741512740502559	0.08340212549108067
301	0.004694386857992121	0.3048968454476271	0.006839112173925207	0.6835696555204557
302	0.3111692769429649	0.008209092271170153	0.6747140179373374	0.005907612848527505
303	0.1429937865260792	0.6247067140122643	0.06947047309550616	0.16282902636615032
304	0.06810203293186966	0.0064287200552087505	0.9203383419834514	0.0051309050294701735
305	0.08791593566982116	0.008096995573111589	0.8975736110781539	0.0064134576789133604
306	0.10571537348628597	0.1435044698977215	0.23889736342408335	0.5118827931919091
307	0.11316320127899517	0.046961432384126874	0.7526355860620809	0.08723978027479715
308	0.10360508326557756	0.46722078603512845	0.27846382349139204	0.150710307207902
309	0.6620935316601981	0.0210891636315176	0.29317308871887104	0.02364421598941314
310	0.05201653941226755	0.42268434908420477	0.12654309758294302	0.39875601392058463
311	0.004298385181334322	0.0652477042080213	0.009708946154270268	0.920744964456374
312	0.4545137985974281	0.004157697731367081	0.5389968398376274	0.0023316638335775367
313	0.1277297853658807	0.01763254260172653	0.811773515044853	0.042864156987539904
314	0.009544661810381792	0.7879989844014985	0.008479304419829107	0.1939770493682905
315	0.0036702295319346666	0.968043813171229	0.0031082422620762173	0.025177715034760274
316	0.9602205669840791	0.0012195745046130416	0.037975277987147074	5.845805241607828E-4
317	0.0020572424325899616	0.7286326386824542	0.0033046725581683946	0.26600544632678746
318	0.9390325455981104	0.0013628588550030779	0.05894898267711969	6.556128697667853E-4
319	0.051034952880106385	0.0035458317045362663	0.9429472032427877	0.002472012172569656
320	0.0073127711577709335	0.06660771390336025	0.01956496370629156	0.9065145512325773
326	0.021193771217328978	0.0024592384666936376	0.9740879119117167	0.0022590784042605615
327	0.036578591698875236	0.0014209264989406636	0.9610743341358304	9.261476663537149E-4
328	0.021937661496580343	0.10815388190237932	0.024366905379958392	0.845541551221082
329	0.005689545262671308	0.4096471568737583	0.02019928680087001	0.5644640110627004
330	0.1095062924938685	0.00693122233571586	0.8737594286733608	0.009803056497054905
331	0.01792017510820468	0.001254648188253239	0.9799787269687178	8.464497348242296E-4
332	0.03810069137174194	0.6261648621750054	0.2650170579606331	0.0707173884926196
333	0.03849384768248573	0.3831451115589977	0.4569139728334109	0.12144706792510566
334	0.19191220801815287	0.04775754311243502	0.7523076888389512	0.008022560030460915
335	0.031165710901121243	0.7490311685905406	0.033570770190540514	0.18623235031779758
336	0.8333408021486057	0.03683258495041389	0.07402783500465947	0.055798777896320984
337	0.0010695427312574246	0.9460210921450102	0.0015603657369383194	0.05134899938679405
338	0.003810300385926474	0.9148028400286581	0.012799188718052383	0.06858767086736309
339	0.01792017510820468	0.001254648188253239	0.9799787269687178	8.464497348242296E-4
340	0.04076509799515673	0.002956973135000939	0.9533599617069997	0.0029179671628426296
341	0.0011306483277590147	0.0240313483936464	0.0015362990195725876	0.9733017042590221
342	0.028377161419324146	0.0017721783509496774	0.9686769818262473	0.0011736784034789539
343	0.057918780674586445	0.07248816380024238	0.5544995626998765	0.3150934928252947
354	0.01792017510820468	0.001254648188253239	0.9799787269687178	8.464497348242296E-4
355	0.981491976934871	8.421358080257372E-4	0.017266813293536545	3.990739635667337E-4
356	0.665125784277815	0.0029314832696674138	0.3303394229407303	0.0016033095117873862
357	7.0093355602219E-4	0.0228749350987447	0.002226704189596032	0.9741974271556371
358	0.981491976934871	8.421358080257372E-4	0.017266813293536545	3.990739635667337E-4
365	0.023078256223489708	0.9114583915272667	0.01574186460017897	0.04972148764906457
366	0.6149246960680933	0.014877726146696156	0.36491061074402714	0.005286967041183508
367	0.20134304420172108	0.02637371360032378	0.7652269440265721	0.007056298171383131
368	0.07437104490914781	0.21263847013658926	0.6801446874639095	0.03284579749035342
369	0.04434622555046873	0.031599872097129215	0.8977580247602901	0.026295877592111952
370	0.029644133865078207	0.015409656428906241	0.9476918548637425	0.007254354842273026
371	0.7364720801694312	0.17466290457864983	0.06790996240785309	0.020955052844065864
372	0.43439818286518833	0.13166355728519427	0.42072568791600795	0.013212571933609462
373	0.031935777187884186	0.47608689858517506	0.0619548176824348	0.4300225065445059
374	0.0027553669801447	0.8782355264945744	0.007816257839311815	0.11119284868596921
375	0.01792017510820468	0.001254648188253239	0.9799787269687178	8.464497348242296E-4
376	6.306110801801978E-4	0.0666293498099301	0.001180192516967711	0.931559846592922
377	9.025430186181297E-4	0.9812399886216191	0.001245910600684666	0.016611557759078046
378	0.981491976934871	8.421358080257372E-4	0.017266813293536545	3.990739635667337E-4
379	0.021927757570131077	0.003449817418803937	0.973225727693047	0.0013966973180179257
380	0.03109871742725265	0.06067546852648763	0.544209583473175	0.3640162305730847
381	0.49880101387843717	0.10054094374903445	0.38303914217390045	0.017618900198627926
382	0.007242968866267569	0.257741861546287	0.010323438533335472	0.72469173105411
383	0.2581922273461196	0.06919408811202282	0.5899258534287982	0.08268783111305948
384	0.08706763565751868	0.5786780220742382	0.07432082125802528	0.25993352101021777
385	0.2581922273461196	0.06919408811202282	0.5899258534287982	0.08268783111305948
386	0.08706763565751868	0.5786780220742382	0.07432082125802528	0.25993352101021777
387	0.032160976800280475	0.2648983479881762	0.03448057066779743	0.6684601045437459
388	0.1919660762998749	0.036123122904949026	0.7341539474403826	0.03775685335479349
389	0.5206057677404137	0.1140643534073071	0.15408102555272904	0.21124885329955032
390	0.04015048617280418	0.7299735846409151	0.038373412560836595	0.19150251662544415
391	0.047345847164901346	0.02553779346310927	0.9185561590095456	0.008560200362443694
392	0.013536891904471335	0.05539615433265961	0.010524254823741221	0.9205426989391279
393	0.034364571464413005	0.06728468589953235	0.016559838666409914	0.8817909039696448
394	0.5309341736102668	0.3014268948352439	0.13579548567419564	0.031843445880293725
395	0.4887212726487973	0.0038822183765909422	0.505198747802947	0.002197761171664826
396	0.981491976934871	8.421358080257372E-4	0.017266813293536545	3.990739635667337E-4
397	9.025430186181305E-4	0.9812399886216191	0.0012459106006846672	0.01661155775907806
398	0.04021680113433223	0.3469512776548283	0.43684986762455535	0.17598205358628416
399	0.034525831406557364	0.43967667160093044	0.4303464619440046	0.0954510350485076
400	0.7170669339443878	0.0027409588871973984	0.27871726372921657	0.0014748434391982134
401	0.04496498244887491	0.001577600925514468	0.9524479290108898	0.0010094876147207262
402	0.2561518510318908	0.023358062659156697	0.7009914353382843	0.019498650970668163
403	9.025430186181305E-4	0.9812399886216191	0.0012459106006846672	0.01661155775907806
404	0.002785786191687155	0.9675902654800451	0.006083319355094045	0.023540628973173664
405	0.009651523445578073	0.052174658076489404	0.06620070509726014	0.8719731133806724
406	0.0017972145952976518	0.1841057220693138	0.002643677801060609	0.811453385534328
407	0.025218568359856322	0.21075286431900533	0.1504415302960631	0.6135870370250752
408	0.01343515222051791	0.7350835266065769	0.03404545415727849	0.2174358670156266
409	0.003060849157467607	0.5402775320459693	0.008394550482594429	0.44826706831396873
410	0.0033699519767305237	0.6030231424592396	0.004034256537120365	0.38957264902690947
411	0.014793379670633464	0.2591754187768162	0.17517573779592177	0.5508554637566286
412	0.09963148645950456	0.0017488803052258235	0.897546222749098	0.001073410486171618
424	0.6248180467997442	0.00951861338753588	0.35934167424053054	0.0063216655721894475
425	0.7863184299964954	0.007775872538622044	0.2009416328175479	0.004964064647334843
426	0.2868217596728109	0.019736066261890454	0.6651716069862079	0.028270567079090758
427	0.04740043144505976	0.11850177400855895	0.12529294153380457	0.7088048530125768
429	0.01171365320179553	0.8188740460164248	0.009874920582235663	0.159537380199544
430	0.6846390312435492	0.10625296869475659	0.1938239083553252	0.015284091706369097
431	0.007022567737061745	0.18040396265901176	0.035232674268479855	0.7773407953354466
432	0.4663170990450472	0.045451515256039535	0.4770421863275465	0.011189199371366783
433	0.30936019349976285	0.002813888080122256	0.6862347832413787	0.0015911351787363166
434	0.5025631957195384	0.26406536378180906	0.15484852315389824	0.07852291734475442
435	0.03202411184886038	0.8243567467027798	0.08042484459501544	0.06319429685334442
436	0.8663308528234619	0.013941371063646448	0.1170284845583936	0.0026992915544980867
437	0.003725178020476809	0.7712835240789703	0.004340773864395053	0.22065052403615798
438	0.06769846326917839	0.0015886200196539623	0.9297121440981064	0.001000772613061265
439	9.82922047873625E-4	0.963674340133928	0.0013992009028418455	0.0339435369153564
440	0.0022113296450688488	0.8408958859502967	0.004871955917034336	0.15202082848759996
441	0.6224169019821545	0.06712871803478661	0.3026759279954197	0.007778451987639121
442	0.006091878828210226	0.9528239795011327	0.004015531796376902	0.037068609874280116
443	0.32846111063284206	0.035948764607631564	0.6284094150028865	0.007180709756639771
444	0.0010568221498872168	0.25412062938084584	0.0018801955679946262	0.7429423529012723
445	0.042038742336374606	0.3761877432258507	0.5477726060446357	0.03400090839313909
446	0.004086404931552363	0.3104966256414942	0.01613600607437803	0.6692809633525755
447	0.8118834188296136	0.11240545580388195	0.06268901786206786	0.013022107504436713
448	0.017905565166751417	0.8767238998085908	0.009379063153008	0.09599147187164983
449	0.01792017510820468	0.001254648188253239	0.9799787269687178	8.464497348242296E-4
450	0.06420386690898025	0.0030920090874450887	0.9300305562050323	0.0026735677985424587
451	0.3663335086941905	0.0025354442521174168	0.6297034108407457	0.0014276362129463204
452	0.10955823621567469	0.6765129949558726	0.06286481044982986	0.15106395837862285
453	0.3445753842649874	0.29384853523911525	0.26386704843754677	0.09770903205835066
454	0.16221176520979846	0.10097296785749145	0.6792263833373546	0.05758888359535544
455	0.03795754765337943	0.12747915352840808	0.07516475017740067	0.7593985486408119
456	0.3066126850998111	0.45542159794927367	0.10417508334312778	0.13379063360778748
457	0.026711735200396065	0.45099171151107803	0.027984151882071588	0.4943124014064544
458	0.234364478836806	0.027876065397473594	0.7094400066115649	0.028319449154155532
459	0.10360508326557756	0.46722078603512845	0.27846382349139204	0.150710307207902
460	0.03696590503676346	0.7549449567655392	0.03538790461888255	0.17270123357881484
461	0.839904199225092	0.02352434491131063	0.11583935723142307	0.020732098632174432
462	0.3104807949721784	0.41359403058163535	0.1318901264761016	0.14403504797008462
463	0.839904199225092	0.02352434491131063	0.11583935723142307	0.020732098632174432
464	0.7197505741837817	0.027107391202846207	0.2284334557908481	0.024708578822524016
465	0.031019918711787754	0.309086297218258	0.033245022053589014	0.6266487620163652
466	0.5223956231902324	0.2214458130210309	0.14863619116501497	0.10752237262372187
467	0.03511176496170848	0.49072281891816644	0.0361794856791429	0.4379859304409823
468	0.020650700800474903	0.10768519807807866	0.023392457962147836	0.8482716431592986
469	0.031019918711787754	0.309086297218258	0.033245022053589014	0.6266487620163652
470	0.1400964223512213	0.4392110409306527	0.2559322659172788	0.16476027080084707
471	0.10947516436252851	0.1425608685783236	0.2236438291042468	0.5243201379549011
472	0.13025650370377365	0.324400977997924	0.24826750451349203	0.2970750137848104
473	0.3104807949721784	0.41359403058163535	0.1318901264761016	0.14403504797008462
474	0.16926145007562138	0.24825522634920175	0.4477416087726616	0.13474171480251526
475	0.43066982009963545	0.034856572252129125	0.5007913592602723	0.03368224838796299
476	0.17337907756978713	0.03330670319176345	0.7585704376807622	0.034743781557687176
477	0.03696590503676346	0.7549449567655392	0.03538790461888255	0.17270123357881484
478	0.14633779789189527	0.1266692751257822	0.41709289512487435	0.3099000318574482
479	0.43066982009963545	0.034856572252129125	0.5007913592602723	0.03368224838796299
480	0.3603900592141189	0.05588785683091413	0.4906710792988451	0.09305100465612184
481	0.1201329440561726	0.07433625136224412	0.5993279262644223	0.206202878317161
482	0.01643124096305939	0.22413843959913654	0.07035218872252158	0.6890781307152826
483	0.4836022828514037	0.00565528432314405	0.5074533876622892	0.003289045163163048
484	0.03255949028745489	0.08593372637885661	0.20340784450004293	0.6780989388336456
485	0.016289822290892167	0.36248829623203743	0.04985928934877536	0.571362592128295
486	0.050627056817353244	0.09072381796294975	0.026205234543367907	0.8324438906763292
487	0.3289510644294311	0.029935649542918087	0.5984440387858175	0.0426692472418333
488	0.01792017510820468	0.001254648188253239	0.9799787269687178	8.464497348242296E-4
489	0.2065296783094372	0.005326420976693007	0.7837676833286298	0.004376217385240118
490	9.025430186181297E-4	0.9812399886216191	0.001245910600684666	0.016611557759078046
491	0.627943662070752	0.03283992066616832	0.3330888873848321	0.006127529878247589
492	0.020318636951898023	0.7168184586204417	0.012410138287252253	0.250452766140408
493	0.041948298899575145	0.12349599307138412	0.4427711796686718	0.391784528360369
494	9.025430186181305E-4	0.9812399886216191	0.0012459106006846672	0.01661155775907806
495	9.881707477578268E-4	0.9660272305408418	0.0014067609531099384	0.0315778377582904
496	0.0212607711903211	0.8992010435931714	0.010890312865619508	0.06864787235088807
497	0.9400705126231303	0.01562986989101192	0.04217011115808683	0.002129506327771032
498	0.1165318494254942	0.7559506456354649	0.09389406525096526	0.03362343968807552
499	0.12360122018406679	0.017304036758521414	0.8488025555309903	0.010292187526421602
500	0.014787608102918627	0.7447657127742814	0.05408267901842392	0.186364000104376
501	0.36563779310001393	0.02238145463455632	0.6061604970297049	0.005820255235724842
502	0.611708814233467	0.01004583429761124	0.3672109763786834	0.011034375090238534
503	0.06370173785306402	0.6669537432497785	0.22937109615169293	0.03997342274546458
504	0.8534035194950561	0.007406828156907854	0.13133936186549036	0.007850290482545721
505	0.004080812028770792	0.9252749229404725	0.0181087287071022	0.052535536323654555
506	0.0015062363787011368	0.6348271634487203	0.0024701871572726086	0.361196413015306
548	0.20990525640098348	0.021259546313278827	0.7515461496706051	0.017289047615132568
549	0.0013938716424143208	0.2165505665291863	0.00413178204119824	0.7779237797872012
550	0.003575058098995466	0.030573876097282782	0.0032331080302318944	0.9626179577734899
551	0.3170335120690246	0.0030057765202718273	0.6782337559631718	0.0017269554475317708
552	0.10763303568653144	0.3783853236929008	0.47895488387924556	0.03502675674132205
553	0.0010869686051557942	0.9756228178152963	0.0015202806976071814	0.021769932881940627
554	0.0054801443496417445	0.8283853249403138	0.004482474604677221	0.1616520561053673
555	0.11061930615536061	0.056617894150089276	0.8153122620778505	0.017450537616699735
556	0.8676933681345459	0.0019179150725944373	0.12943072037530481	9.579964175549025E-4
562	0.01792017510820468	0.001254648188253239	0.9799787269687178	8.464497348242296E-4
563	0.0027731967820154497	0.794808104089969	0.008112775480964587	0.1943059236470509
564	0.9397608946783942	0.0012216230113097555	0.058420288548250904	5.971937620451722E-4
565	0.021173259788165564	0.0022699889594031747	0.9743314489651698	0.0022253022872613846
566	0.04138578068357089	0.13444435279280373	0.7651537101938198	0.05901615632980565
567	0.04924186765399254	0.4580636547446862	0.44214842883123223	0.050546048770089114
568	0.4514440183795782	0.04708010397375086	0.35799998924552673	0.14347588840114425
569	0.0016579601719481606	0.08523619267112661	0.004800101527448674	0.9083057456294765
570	0.030516003604036487	0.02160986635242325	0.9434505203617944	0.004423609681745822
571	0.01792017510820468	0.001254648188253239	0.9799787269687178	8.464497348242296E-4
572	0.04722879220909188	0.00942194387974249	0.9405879334233177	0.002761330487847857
573	0.0429950048274974	0.08058092914837038	0.7325974314817529	0.1438266345423792
574	0.0015966801721274161	0.9237729230961201	0.002015815925725263	0.07261458080602709
575	0.06124876292903121	0.5307840447955011	0.24254607549031298	0.1654211167851547
576	0.7077633722110713	0.017130459230642603	0.2716789372796532	0.003427231278632864
577	0.08524785997755015	0.3069872715368446	0.5678084495657241	0.039956418919881255
578	0.006091878828210226	0.9528239795011327	0.004015531796376902	0.037068609874280116
