Index	A	C	G	T
1	2.953983110641071E-4	0.0140204665975965	5.989899422242148E-4	0.9850851451491152
2	2.953983110641071E-4	0.0140204665975965	5.989899422242148E-4	0.9850851451491152
3	0.5254657167067954	0.01964737075064854	0.4489625019638048	0.005924410578751076
4	0.9837096503993774	6.581906332155365E-4	0.015331617416254512	3.0054155115255554E-4
5	0.9837096503993774	6.581906332155365E-4	0.015331617416254512	3.0054155115255554E-4
6	0.9528152123233378	9.909742487194573E-4	0.04573425054061449	4.595628873283934E-4
7	0.1424357122099606	0.3277239516221567	0.4959325014297788	0.03390783473810387
8	0.44538847419299304	0.003688195782461359	0.5485804172320861	0.0023429127924594747
9	0.01858245346078225	0.0010542216037574444	0.9796812519239672	6.820730114930999E-4
10	0.05344860459485643	0.16533606281410804	0.7594555060405698	0.021759826550465686
49	7.857533102024575E-4	0.9824525067630994	0.0013503674359900543	0.015411372490708081
50	0.001951913166069618	0.5589593014531297	0.003281397930125342	0.43580738745067543
51	0.03432808833795449	0.0046157523167362855	0.9594879695848787	0.00156818976043051
52	0.01019215572923569	0.11485674121964362	0.10642251936130703	0.7685285836898137
53	0.015916513988677154	9.984269738497306E-4	0.9824306975582451	6.543614792279498E-4
54	0.06731095427059912	0.005612450346681754	0.9251716765013143	0.0019049188814048586
55	0.08001102748694044	0.001452892902438153	0.9176689431705979	8.671364400234511E-4
56	3.400851149352838E-4	0.02316111602298644	7.312115483232368E-4	0.975767587313755
58	0.0237418897167191	0.09638382186769873	0.0909444199749834	0.7889298684405988
59	0.0623946597282201	0.07615271806355127	0.4331078183802278	0.4283448038280008
60	0.28605944597358135	0.03753047481803206	0.6628568757205381	0.01355320348784859
61	0.20798715393064085	0.08457323195531664	0.2606700342529123	0.4467695798611303
62	0.8618353716406102	0.058553439507663646	0.06509349289833774	0.01451769595338847
63	0.0029461524374736793	0.6461687949072107	0.004586012147832327	0.34629904050748334
64	0.0015351379428878873	0.9710515726973707	0.0020622412096728696	0.025351048150068483
65	0.0024442262984637328	0.9663399770556458	0.002798686397991778	0.02841711024789875
66	0.9134332496438364	0.0031932004002088424	0.08132912854783249	0.002044421408122206
67	0.001002027175579325	0.9455377481744355	0.0018292656093737132	0.05163095904061158
68	0.01856087396697116	0.8299454925183227	0.01137431279078633	0.14011932072391978
69	8.367739193246418E-4	0.9454516738432934	0.0012559736502995918	0.052455578587082226
70	0.025138727430430805	0.7383172426491789	0.009622940543968677	0.22692108937642166
71	0.007731503664825873	0.6338786293069341	0.03165187139329875	0.32673799563494127
72	0.4227771613272298	0.002630602069193985	0.5734996551692323	0.001092581434343866
73	0.1319965568056778	0.0385788403396342	0.8239243214382198	0.005500281416468239
74	0.03727838900508638	0.002061325570577134	0.9595296814446216	0.0011306039797148702
75	0.06193613525066538	0.06368878894129176	0.627068118755152	0.24730695705289094
85	0.009552763599187497	0.8451234700936007	0.007537284601016887	0.137786481706195
86	6.981596627935365E-4	0.9836287044790107	9.87288617794269E-4	0.014685847240401478
87	0.0022432530395992507	0.9319334672285853	0.004513010300485153	0.06131026943133037
88	0.46351359221952027	0.27158684136760797	0.12380328529091658	0.14109628112195532
89	0.0030304425221869685	0.9662521373742765	0.002922492527133262	0.027794927576403273
90	0.00834340414771579	0.11079033363488601	0.07707469518577902	0.8037915670316192
91	0.005015623891918507	0.08033500357222988	0.03746212540370115	0.8771872471321505
92	0.05389116438652428	0.003132149335773865	0.9403617612658616	0.0026149250118403665
93	0.15355372334469577	0.004274720493030876	0.838930338165762	0.003241217996511352
94	0.016203832933288302	0.8895816853189465	0.011634654154493747	0.08257982759327144
95	0.2884490259596443	0.028904202045226368	0.6692427567940584	0.013404015201070985
96	0.04459169302308293	0.0013027893629299462	0.9533051581243375	8.003594896496424E-4
97	0.0012625385500596843	0.9440337048504722	0.0021473921020718338	0.0525563644973964
98	0.03250971710303291	0.17772248218480333	0.1315306326577899	0.6582371680543739
99	0.3210738771156289	0.49395864331619105	0.06186606683411509	0.12310141273406491
100	0.04605954989360979	0.0012985837020550478	0.951847183354117	7.946830502181582E-4
101	0.001330841956005936	0.2761625010950989	0.002811859291423742	0.7196947976574715
102	0.9167333198918325	0.0011807310391614729	0.08152193911365672	5.640099553493121E-4
103	0.036261907741624834	0.7798915296362833	0.12608360079128586	0.05776296183080599
104	0.01658330483306265	0.06225420253801896	0.0695839172970475	0.8515785753318709
105	0.002934357353888499	0.9579743019513045	0.007630550212165059	0.03146079048264194
106	0.057449928570703745	0.08685638087028726	0.13749006980514183	0.7182036207538672
107	0.017588334201552685	0.0013263234751327547	0.9803303249518623	7.550173714523279E-4
108	0.024012985845726385	0.008308515605653764	0.9650612806323031	0.002617217916316805
109	0.10582004569119065	0.06398509344973387	0.4564101885053537	0.37378467235372187
110	0.5848512671088182	0.058065847838766727	0.30493841526201765	0.052144469790397496
111	0.008171129643407547	0.39527833457418005	0.007683586793318841	0.5888669489890936
112	0.017930671399685887	0.7813397655526682	0.03142278238966559	0.16930678065798052
113	0.04072829414003894	0.13621325733474263	0.479968758857433	0.3430896896677854
114	0.004064691970923881	0.4906764834376694	0.0047182564574539355	0.5005405681339528
115	0.047180486239209805	0.0027881688349280184	0.9474326431647355	0.0025987017611267317
116	0.15664396821314916	0.011720571381202112	0.8265982175153564	0.0050372428902923675
117	0.01585260804654322	0.23623844495103	0.02261568491279372	0.7252932620896331
118	0.9816442673645543	6.866356362593419E-4	0.017356847375087227	3.122496240990259E-4
119	0.0014761476939442364	0.9746259443751074	0.002405232826814661	0.021492675104133614
120	0.0010534765823179482	0.884563373052549	0.0016724062506179673	0.11271074411451529
121	0.0011823438949772034	0.08180743167406736	0.0019032931044951182	0.9151069313264603
127	0.001382413926321105	0.34520511639438595	0.002423874784906855	0.6509885948943861
128	0.011368183626125558	0.3137678121907519	0.009841750359605167	0.6650222538235174
129	0.05561678908260642	0.0012860205558738456	0.9423074719370713	7.897184244484108E-4
130	3.3088039263677355E-4	0.023096128329571607	6.644300854641358E-4	0.9759085611923275
131	0.3627102256863399	0.3013821099176628	0.07095561462782776	0.2649520497681695
132	8.434323198832519E-4	0.954290055221596	0.0012708141941313112	0.043595698264389325
133	0.23922960687015424	0.002711216742840173	0.7564638817946362	0.0015952945923693592
134	7.278966962427692E-4	0.976144120977453	0.0010455805636278553	0.022082401762676458
135	0.0010428676143504987	0.9684075240647719	0.0014182856877470065	0.029131322633130625
136	0.0021547974068593647	0.2984858798386707	0.0031227042004158194	0.6962366185540542
151	0.17210152910362808	0.005013038407420801	0.8196779030520461	0.0032075294369049803
152	0.01610369769945311	0.06492382883804514	0.015252573960178173	0.9037198995023237
153	9.154964632489477E-4	0.03383742815864607	0.0017006202097527687	0.9635464551683522
154	9.154964632489477E-4	0.03383742815864605	0.0017006202097527656	0.9635464551683522
155	9.154964632489477E-4	0.03383742815864607	0.0017006202097527687	0.9635464551683522
156	0.17603197630847683	0.5703870005004698	0.10019023149265031	0.153390791698403
157	0.008160298276170489	0.6368838790455079	0.00846209553192527	0.3464937271463964
158	0.48107793278186545	0.39931949594817684	0.09404884640900654	0.025553724860951303
159	8.434323198832504E-4	0.9542900552215962	0.0012708141941313112	0.043595698264389346
160	9.260435955614556E-4	0.2768036328695163	0.0016699563218709578	0.7206003672130512
161	0.0012240653529981662	0.7680676437401922	0.002005799737518406	0.2287024911692913
162	0.005991155034034	0.9656487711481203	0.006965941136715439	0.021394132681130277
163	9.031485185695602E-4	0.878906749091786	0.0014083915172426267	0.1187817108724019
164	0.061690768066909034	0.16554198868073794	0.05860675623081201	0.714160487021541
165	0.7038831939804934	0.057390798787905706	0.17701736017483666	0.06170864705676428
166	0.7038831939804934	0.057390798787905706	0.17701736017483666	0.06170864705676428
167	0.7038831939804934	0.057390798787905706	0.17701736017483666	0.06170864705676428
168	0.09538824620038662	0.5484624559403838	0.08042124930721337	0.2757280485520162
169	0.7038831939804934	0.057390798787905706	0.17701736017483666	0.06170864705676428
170	0.7038831939804934	0.057390798787905706	0.17701736017483666	0.06170864705676428
171	0.7038831939804934	0.057390798787905706	0.17701736017483666	0.06170864705676428
172	0.061690768066909034	0.16554198868073794	0.05860675623081201	0.714160487021541
173	0.061690768066909034	0.16554198868073794	0.05860675623081201	0.714160487021541
174	0.7038831939804934	0.057390798787905706	0.17701736017483666	0.06170864705676428
175	0.7038831939804934	0.057390798787905706	0.17701736017483666	0.06170864705676428
176	0.27381622129512195	0.0748564028288515	0.5605584291422044	0.09076894673382215
177	0.7038831939804934	0.057390798787905706	0.17701736017483666	0.06170864705676428
178	0.061690768066909034	0.16554198868073794	0.05860675623081201	0.714160487021541
179	0.09538824620038662	0.5484624559403838	0.08042124930721337	0.2757280485520162
180	0.061690768066909034	0.16554198868073794	0.05860675623081201	0.714160487021541
181	0.09538824620038662	0.5484624559403838	0.08042124930721337	0.2757280485520162
182	0.061690768066909034	0.16554198868073794	0.05860675623081201	0.714160487021541
183	0.27381622129512195	0.0748564028288515	0.5605584291422044	0.09076894673382215
184	0.09538824620038662	0.5484624559403838	0.08042124930721337	0.2757280485520162
185	0.09538824620038662	0.5484624559403838	0.08042124930721337	0.2757280485520162
186	0.7038831939804934	0.057390798787905706	0.17701736017483666	0.06170864705676428
187	0.7038831939804934	0.057390798787905706	0.17701736017483666	0.06170864705676428
188	0.061690768066909034	0.16554198868073794	0.05860675623081201	0.714160487021541
189	0.27381622129512195	0.0748564028288515	0.5605584291422044	0.09076894673382215
190	0.061690768066909034	0.16554198868073794	0.05860675623081201	0.714160487021541
191	0.27381622129512195	0.0748564028288515	0.5605584291422044	0.09076894673382215
192	0.27381622129512195	0.0748564028288515	0.5605584291422044	0.09076894673382215
193	0.27381622129512195	0.0748564028288515	0.5605584291422044	0.09076894673382215
194	0.27381622129512195	0.0748564028288515	0.5605584291422044	0.09076894673382215
195	0.7038831939804934	0.057390798787905706	0.17701736017483666	0.06170864705676428
196	0.27381622129512195	0.0748564028288515	0.5605584291422044	0.09076894673382215
197	0.061690768066909034	0.16554198868073794	0.05860675623081201	0.714160487021541
198	0.7038831939804934	0.057390798787905706	0.17701736017483666	0.06170864705676428
199	0.27381622129512195	0.0748564028288515	0.5605584291422044	0.09076894673382215
200	0.061690768066909034	0.16554198868073794	0.05860675623081201	0.714160487021541
201	0.09538824620038662	0.5484624559403838	0.08042124930721337	0.2757280485520162
202	0.09538824620038662	0.5484624559403838	0.08042124930721337	0.2757280485520162
203	0.27381622129512195	0.0748564028288515	0.5605584291422044	0.09076894673382215
204	0.7038831939804934	0.057390798787905706	0.17701736017483666	0.06170864705676428
205	0.09538824620038662	0.5484624559403838	0.08042124930721337	0.2757280485520162
206	0.061690768066909034	0.16554198868073794	0.05860675623081201	0.714160487021541
207	0.09538824620038662	0.5484624559403838	0.08042124930721337	0.2757280485520162
208	0.09538824620038662	0.5484624559403838	0.08042124930721337	0.2757280485520162
209	0.27381622129512195	0.0748564028288515	0.5605584291422044	0.09076894673382215
210	0.09538824620038662	0.5484624559403838	0.08042124930721337	0.2757280485520162
211	0.7038831939804934	0.057390798787905706	0.17701736017483666	0.06170864705676428
212	0.09538824620038662	0.5484624559403838	0.08042124930721337	0.2757280485520162
213	0.09538824620038662	0.5484624559403838	0.08042124930721337	0.2757280485520162
214	0.27381622129512195	0.0748564028288515	0.5605584291422044	0.09076894673382215
215	0.7038831939804934	0.057390798787905706	0.17701736017483666	0.06170864705676428
216	0.061690768066909034	0.16554198868073794	0.05860675623081201	0.714160487021541
217	0.7038831939804934	0.057390798787905706	0.17701736017483666	0.06170864705676428
218	0.09538824620038662	0.5484624559403838	0.08042124930721337	0.2757280485520162
219	0.27381622129512195	0.0748564028288515	0.5605584291422044	0.09076894673382215
220	0.061690768066909034	0.16554198868073794	0.05860675623081201	0.714160487021541
221	0.09538824620038662	0.5484624559403838	0.08042124930721337	0.2757280485520162
222	0.27381622129512195	0.0748564028288515	0.5605584291422044	0.09076894673382215
223	0.09538824620038662	0.5484624559403838	0.08042124930721337	0.2757280485520162
224	0.7038831939804934	0.057390798787905706	0.17701736017483666	0.06170864705676428
225	0.09538824620038662	0.5484624559403838	0.08042124930721337	0.2757280485520162
226	0.09538824620038662	0.5484624559403838	0.08042124930721337	0.2757280485520162
227	0.7038831939804934	0.057390798787905706	0.17701736017483666	0.06170864705676428
228	0.27381622129512195	0.0748564028288515	0.5605584291422044	0.09076894673382215
229	0.061690768066909034	0.16554198868073794	0.05860675623081201	0.714160487021541
230	0.7038831939804934	0.057390798787905706	0.17701736017483666	0.06170864705676428
231	0.27381622129512195	0.0748564028288515	0.5605584291422044	0.09076894673382215
232	0.7038831939804934	0.057390798787905706	0.17701736017483666	0.06170864705676428
233	0.09538824620038662	0.5484624559403838	0.08042124930721337	0.2757280485520162
234	0.09538824620038662	0.5484624559403838	0.08042124930721337	0.2757280485520162
235	0.27381622129512195	0.0748564028288515	0.5605584291422044	0.09076894673382215
236	0.27381622129512195	0.0748564028288515	0.5605584291422044	0.09076894673382215
237	0.061690768066909034	0.16554198868073794	0.05860675623081201	0.714160487021541
238	0.061690768066909034	0.16554198868073794	0.05860675623081201	0.714160487021541
239	0.09538824620038662	0.5484624559403838	0.08042124930721337	0.2757280485520162
240	0.27381622129512195	0.0748564028288515	0.5605584291422044	0.09076894673382215
241	0.09538824620038662	0.5484624559403838	0.08042124930721337	0.2757280485520162
242	0.061690768066909034	0.16554198868073794	0.05860675623081201	0.714160487021541
243	0.061690768066909034	0.16554198868073794	0.05860675623081201	0.714160487021541
244	0.7038831939804934	0.057390798787905706	0.17701736017483666	0.06170864705676428
245	0.27381622129512195	0.0748564028288515	0.5605584291422044	0.09076894673382215
246	0.27381622129512195	0.0748564028288515	0.5605584291422044	0.09076894673382215
247	0.7038831939804934	0.057390798787905706	0.17701736017483666	0.06170864705676428
248	0.09538824620038662	0.5484624559403838	0.08042124930721337	0.2757280485520162
249	0.09538824620038662	0.5484624559403838	0.08042124930721337	0.2757280485520162
250	0.09538824620038662	0.5484624559403838	0.08042124930721337	0.2757280485520162
251	0.061690768066909034	0.16554198868073794	0.05860675623081201	0.714160487021541
252	0.061690768066909034	0.16554198868073794	0.05860675623081201	0.714160487021541
253	0.09538824620038662	0.5484624559403838	0.08042124930721337	0.2757280485520162
254	0.061690768066909034	0.16554198868073794	0.05860675623081201	0.714160487021541
255	0.7038831939804934	0.057390798787905706	0.17701736017483666	0.06170864705676428
256	0.023966193718864354	0.7734529503134211	0.025129977919207184	0.1774508780485073
257	0.124703604452465	0.05895523108972035	0.7108464967373351	0.10549466772047957
258	0.12470360445246506	0.05895523108972043	0.710846496737335	0.1054946677204796
259	0.18546698080823731	0.15534018743581166	0.08231631068350864	0.5768765210724424
260	0.0022677662869364915	0.06251177557212628	0.003802155141084777	0.9314183029998524
261	0.04579610865169086	0.32887691666556546	0.11128388659320732	0.5140430880895365
262	0.13718355169451782	0.10036646949420366	0.7183563875410351	0.04409359127024342
263	0.356643643701268	0.11407657313135376	0.4832569254534874	0.04602285771389077
264	0.004624033994354077	0.20729211381921955	0.007157643847992405	0.7809262083384341
265	0.056034322194064436	0.3627565371818853	0.03153001777528787	0.5496791228487625
266	0.0018161976944455489	0.13362318080541474	0.0032352673246434168	0.8613253541754963
267	0.19654426449758364	0.43375541953590985	0.30023721156157757	0.069463104404929
268	0.05147415798288081	0.8444735550492053	0.02463492875405051	0.07941735821386339
269	0.0768934731279372	0.2508160811589658	0.494136395761898	0.17815404995119896
270	0.20839750527365858	0.19150036994066688	0.44393154713144045	0.1561705776542341
271	0.014283050330515867	0.16920659319790124	0.0111383472563741	0.8053720092152088
272	0.012269975987328808	0.7911645235895254	0.01031235927722812	0.18625314114591776
273	0.0010923640498807455	0.9328971901163656	0.0016873455881523242	0.06432310024560138
274	8.814486261003177E-4	0.9748369156264308	0.0012814573365612146	0.023000178410907603
275	0.004878803285312155	0.8336688665197122	0.013500952111214519	0.14795137808376113
276	0.008630565856075903	0.48189665004794874	0.008748736268809013	0.5007240478271663
277	0.035235948689634825	0.23720189136905712	0.14270761995899262	0.5848545399823155
278	0.01921324096762742	0.38196036201007105	0.013583803366447027	0.5852425936558544
279	0.06721809500988096	0.5052753732869262	0.3878222757532456	0.039684255949947324
280	0.002276765376835742	0.82724687018026	0.006286651820245696	0.16418971262265855
281	0.036083144808213605	0.3175987551789106	0.41154854996681595	0.23476955004605984
282	9.714045552050577E-4	0.21275767162081105	0.0017721013386170327	0.7844988224853667
283	0.9481304812795136	0.007706626864628654	0.03866747782525637	0.005495414030601358
284	0.905474173194328	0.0035739510129648893	0.0882456447046822	0.002706231088024963
285	9.804149492663185E-4	0.9547550188386438	0.0017452228569310637	0.04251934335515886
286	4.6845491614160104E-4	0.03995528987435624	0.001143206815679052	0.9584330483938232
287	5.235276459496733E-4	0.03800760938867482	9.823760803965638E-4	0.960486486884979
288	0.911982585004594	0.0012050841438578448	0.08623474652252625	5.775843290217767E-4
289	0.0839275373938437	0.006702911384172315	0.9016458343090616	0.007723716912922355
290	0.9488406876493901	0.003271419692504394	0.04700761877084033	8.802738872650016E-4
291	0.760197144451318	0.06145521737648107	0.11711977633674285	0.061227861835458045
292	0.05271420491098453	0.0015995696894497	0.9446491212072384	0.0010371041923273752
293	0.002232933418682067	0.49037835489786247	0.006656026327506776	0.5007326853559487
294	0.9199487252507972	0.015308716416250328	0.052350315540151335	0.012392242792801236
295	0.007846076863525685	0.7555156275260023	0.01116789284680299	0.22547040276366903
296	9.527325344170288E-4	0.45987336305161614	0.0016662513888750746	0.5375076530250917
297	0.7339001987736239	0.001845963656745278	0.2633173252485569	9.365123210739169E-4
298	0.2754405507870119	0.016153897338690514	0.6955500119006761	0.012855539973621544
299	0.09410702951427233	0.784501544902653	0.04124712718174026	0.08014429840133447
300	0.9002520853218253	0.021973909225018757	0.06809227492505965	0.009681730528096339
301	0.8752743545314847	0.034486854822145765	0.07673814314444198	0.013500647501927449
302	0.7484423591937558	0.08200406624308311	0.09045407074960753	0.07909950381355356
303	0.6426238117435709	0.03759108172222999	0.31291554082627004	0.006869565707929085
304	0.05374405648817421	0.705904721388973	0.08052132630758269	0.15982989581527005
305	0.7303818070096538	0.020053232187517415	0.24435586126542813	0.005209099537400642
306	0.33500691120292275	0.01154537125088283	0.6484005848518074	0.005047132694387106
308	0.9680576924797196	0.0015462280780625807	0.029601448196543548	7.946312456742458E-4
309	0.002101781535053649	0.7565536236514903	0.0031534362650290845	0.23819115854842707
310	0.010157653199203403	0.8633846622791175	0.025346163975538388	0.10111152054614082
311	0.9438627837639266	0.0019103950997286091	0.05325190438044208	9.749167559027856E-4
312	0.9698178961538102	0.0014820243073143103	0.02796141954318332	7.386599956922409E-4
313	0.0020027762648390105	0.18992476187807844	0.0033926914388257958	0.8046797704182568
314	0.7403406722524604	0.04675033281254994	0.13818049836133123	0.07472849657365853
315	0.016131560744178857	0.2282630957848644	0.022623328113764263	0.7329820153571924
316	0.10888326510978348	0.3429324550579742	0.06007904687054365	0.48810523296169867
317	0.2097813107099411	0.16951473439476705	0.5157262058013791	0.10497774909391291
318	0.02219987829617428	0.5375179937694853	0.029449460647246423	0.41083266728709406
319	0.01789119467824149	0.34961327032446704	0.025298102079849425	0.6071974329174421
320	0.23621335881727337	0.146760793357386	0.47332192693477315	0.14370392089056758
321	0.03723560082932505	0.4925362250533854	0.06977891005755626	0.40044926405973336
322	0.21416214337876976	0.5766651700895159	0.08988791557835725	0.119284770953357
323	0.19614104218191225	0.026547563920487238	0.7564823655302281	0.020829028367372486
324	0.14026114592932742	0.17507265058895516	0.6238183400495292	0.060847863432188266
325	0.17225581081150082	0.11153898353102007	0.06283554771556628	0.6533696579419128
326	0.1027771677243503	0.18294783260223008	0.25797050467083565	0.4563044950025841
327	0.34435611202571004	0.1141053417031518	0.5181695968298765	0.023368949441261746
328	0.330151960914064	0.004680337160243766	0.6614069343045719	0.0037607676211203504
329	0.31509377591721194	0.009069740352285714	0.6721402642596003	0.003696219470901989
330	0.03979926243602795	0.014436848049092744	0.9300222153957799	0.015741674119099453
331	0.05388590700783805	0.10262807983355317	0.8323293699223917	0.011156643236217099
332	0.04056083325318859	0.23165185774860858	0.634676823165551	0.09311048583265193
333	5.325283519924814E-4	0.04223882165880892	0.0012793478070178964	0.9559493021821807
334	0.05385844500709175	0.009185364038222557	0.9335340610946145	0.003422129860071305
335	0.8400872210546605	0.010532747488695567	0.14183823900016218	0.007541792456481776
336	8.434323198832504E-4	0.9542900552215962	0.0012708141941313112	0.043595698264389346
337	0.871627153036384	0.014961516711211272	0.1075215445775043	0.0058897856749004435
338	0.12915191503503878	0.6043495495354754	0.12543025499874474	0.14106828043074116
339	0.8920189647747658	0.004878540246959065	0.09754038659166298	0.005562108386612037
340	0.0014552925930471608	0.8827897430316886	0.002070624636911504	0.11368433973835286
341	0.001194805361790162	0.8970348135001706	0.002371948500444425	0.09939843263759485
342	0.7742038290723823	0.04427205484210409	0.06704910725192226	0.11447500883359144
343	0.015916513988677154	9.984269738497306E-4	0.9824306975582451	6.54361479227951E-4
344	0.0014650192144601512	0.3419049383448379	0.003593394564191346	0.6530366478765106
345	0.004998290916568874	0.35322440222391294	0.010895459598466599	0.6308818472610516
346	0.16408709540140357	0.10988065276930044	0.6224140514801193	0.1036182003491767
347	0.001267482287000842	0.9676282068528151	0.0022206420806377605	0.028883668779546325
348	0.32237023987310515	0.0659711917423581	0.5544253641893281	0.057233204195208776
349	0.001029543634203671	0.8755353480174461	0.0016090698061305621	0.12182603854221954
350	5.417654078878924E-4	0.11624632324219983	0.0010306100040457535	0.8821813013458665
351	0.915182057168287	0.028599003268717466	0.051073217478949474	0.005145722084046017
352	0.40500098816300584	0.1632530386989034	0.12482274008172763	0.3069232330563632
353	0.19828442368010346	0.004685423720197254	0.7951416109055294	0.001888541694169785
354	0.7571965638020202	0.0015843644689555734	0.24041410536972	8.049663593041045E-4
355	0.0030575343809595545	0.10428181152662716	0.010282988320592355	0.882377665771821
356	0.03600351928761528	0.8830687282745231	0.023019950654909912	0.05790780178295181
357	0.9619657458840457	0.0020137864999919624	0.03498360014106585	0.0010368674748964235
390	0.7918959717835155	0.0018548673402938465	0.20531536392327043	9.337969529202527E-4
391	0.08451743272578735	0.0014727567420843204	0.913133267220084	8.765433120443266E-4
392	8.464635629725591E-4	0.9820126223431236	0.0011364935217521247	0.01600442057215167
393	0.9632973838235751	0.0012076527109049554	0.03505106187361598	4.43901591903966E-4
394	6.981596627935365E-4	0.9836287044790107	9.87288617794269E-4	0.014685847240401478
395	4.662983086961279E-4	0.04112947801062682	0.0011117622066336634	0.9572924614740435
396	0.0016742248327777855	0.45635333358268954	0.002858976344154205	0.5391134652403785
397	0.011276244036431016	0.9601718415781307	0.0069098072301105795	0.02164210715532771
398	0.004151328038803107	0.06736428977234954	0.004068030197933981	0.9244163519909133
399	0.07175965873926601	0.014690448694332675	0.9015362096058849	0.0120136829605164
400	4.731178764106723E-4	0.060340301478322776	9.216400777341269E-4	0.9382649405675324
401	0.002949926526514041	0.17457297936772026	0.0059609066000040675	0.8165161875057616
426	8.123568835198377E-4	0.04021422019069444	0.001489798983245714	0.95748362394254
427	0.002000197228471826	0.8938883982539692	0.0028828557118097957	0.10122854880574937
428	0.0016550237261939201	0.953630811733799	0.0022740154753510843	0.04244014906465589
429	0.0015351379428878886	0.9710515726973707	0.0020622412096728713	0.025351048150068504
430	0.0015351379428878873	0.9710515726973707	0.0020622412096728696	0.025351048150068483
431	0.0496578675898095	0.019502735642781956	0.9232118252602564	0.007627571507152155
432	0.033009932850363945	0.002304674915577942	0.963097144994649	0.0015882472394091185
433	0.0030581445901194473	0.445066111313701	0.003949881773313826	0.5479258623228658
434	0.010825141877121842	0.8029710908001566	0.03281599330931088	0.15338777401341075
435	0.2821763967201291	0.4458163346721937	0.14401548394930647	0.1279917846583708
436	0.15888898331658197	0.009665078906175463	0.8214953564585897	0.009950581318652889
437	0.3010090800034117	0.011725005568395208	0.6716202455029427	0.015645668925250416
438	0.13789561554553417	0.04196332270491077	0.7983917240410476	0.02174933770850748
439	0.04989820422402082	0.2947706001309222	0.19220551973331573	0.4631256759117412
440	0.20428736840287787	0.03323543768674596	0.6838820994827287	0.0785950944276474
441	0.1641562592697592	0.04431232569173302	0.6503345869226308	0.14119682811587694
442	0.5414322494105609	0.2890363867096195	0.09093299345732436	0.0785983704224953
443	0.010181089917819023	0.06716164417799836	0.014767803774843729	0.907889462129339
444	0.961499808286821	0.001977773944469778	0.03550217510394322	0.0010202426647659862
445	0.013091476004666433	0.3623082714700039	0.046367097708951185	0.5782331548163785
446	0.5284536847951101	0.012745479170659041	0.4475217155251632	0.011279120509067752
447	0.15596068741306682	0.03601149892708394	0.796894585547945	0.011133228111904116
448	0.06180366940030942	0.2718863565405017	0.12102729651816982	0.545282677541019
449	0.013925200746163553	0.40488653370736905	0.01786037222545747	0.56332789332101
450	0.14397539371225035	0.6095758252591227	0.08150858531924045	0.16494019570938662
451	0.5339403714483811	0.018055491503298556	0.4343337944966219	0.013670342551698541
452	0.7450083149882067	0.046607047311874795	0.14860297427558103	0.05978166342433739
453	0.09851296531564993	0.46950087183371997	0.06904912105140362	0.3629370417992264
454	0.8833191214019267	0.009431129288941884	0.10090220638022089	0.006347542928910558
455	0.360142137001439	0.06797955841674222	0.4742965580049539	0.09758174657686497
456	0.1524552579765688	0.01555510313345217	0.8188095961120541	0.013180042777924998
457	0.3075028557814338	0.08239024000631025	0.4717130941149807	0.13839381009727525
458	0.05614587724298188	0.46719157621110563	0.09253664473419074	0.3841259018117217
459	0.8833191214019267	0.009431129288941884	0.10090220638022089	0.006347542928910558
460	0.5339403714483811	0.018055491503298556	0.4343337944966219	0.013670342551698541
461	0.7645304093085307	0.0603120230459312	0.14347102688259455	0.03168654076294363
462	0.8185175711021492	0.0264673869575369	0.12196942237135097	0.033045619568962965
463	0.40831010033512566	0.14687559544417808	0.31059804119514733	0.13421626302554884
464	0.3353530024978038	0.45371522826690736	0.11888333705677712	0.09204843217851175
465	0.1704648991088165	0.1407680011079666	0.08090474685480269	0.6078623529284143
466	0.6316006994355543	0.008877849786031752	0.3537105968323911	0.005810853946022909
467	0.6046965251201756	0.03367458493868063	0.3298663917995041	0.03176249814163981
468	0.4235202605863693	0.10920362896616294	0.39063803606249187	0.07663807438497588
469	0.3452296280027955	0.09731238436015102	0.3916038555297406	0.1658541321073129
470	0.032516984091722906	0.31673355399251113	0.03437925895089784	0.6163702029648682
471	0.1666409795343455	0.38608095478141535	0.09996606278134013	0.34731200290289904
472	0.09604417129324407	0.1700918245264215	0.17691226613989472	0.5569517380404397
473	0.023449636904278065	0.1261113532685632	0.02605807760547638	0.8243809322216824
474	0.051264356779408896	0.1620842941505596	0.0751270015880356	0.711524347481996
475	0.1579879735292291	0.2991871469109072	0.09698757576136229	0.4458373037985014
476	0.03806092716116174	0.5178849705316655	0.03828255849011632	0.40577154381705655
477	0.3708931042401661	0.14592842492676697	0.3918702279639636	0.0913082428691035
478	0.5502997722743567	0.17680059559734954	0.17793800518256986	0.09496162694572395
479	0.20840487529741086	0.09358152974260102	0.5312813719181967	0.16673222304179147
480	0.1237173758960884	0.5861808228860005	0.08211372727613439	0.20798807394177682
481	0.12276130918146089	0.3225681149029362	0.2157576143647298	0.33891296155087314
482	0.12276130918146089	0.3225681149029362	0.2157576143647298	0.33891296155087314
483	0.5461116011905625	0.1194095849020123	0.2598737394631119	0.07460507444431352
484	0.0036841283299199417	0.8626695772939367	0.0050683798438865965	0.12857791453225684
485	0.0017521516500072394	0.07543259305676558	0.003005354713424128	0.919809900579803
486	0.06562509789654526	0.010336216449348446	0.9131018233662499	0.010936862287856505
487	0.431399913967669	0.3023187025625653	0.19542403128375577	0.07085735218600996
488	0.007859669036981312	0.16462985810421416	0.022630237965569386	0.8048802348932351
489	0.010788385609661388	0.769773519313928	0.02311344694875125	0.19632464812765932
490	0.6532727826755572	0.005090219237474825	0.33859945447435996	0.0030375436126080417
491	0.13269477689253276	0.7336585919775174	0.05868620511413419	0.07496042601581562
492	0.08044783548358019	0.2603325826672963	0.3142241900019404	0.3449953918471831
493	0.0027940260724654393	0.19592874625249387	0.0044874955219297765	0.796789732153111
494	0.07452526482450796	0.019693039497346153	0.8967623998290166	0.009019295849129355
495	0.06562509789654526	0.010336216449348446	0.9131018233662499	0.010936862287856505
496	0.0030497689344628413	0.2120587659028062	0.004931741084613474	0.7799597240781175
497	0.07625993543396091	0.261324197086728	0.11701451085517578	0.5454013566241352
498	0.05833598138846388	0.19216028646204328	0.3145368792498421	0.43496685289965076
499	0.5658720678689428	0.02114454694909105	0.39058120830832227	0.022402176873643858
500	0.5851750774717989	0.04824798275070961	0.3495565048291449	0.017020434948346694
501	0.2021040654133123	0.02406175692855443	0.7407386550703329	0.03309552258780052
502	0.3400470759099816	0.030157000802876487	0.5905231695375556	0.03927275374958627
503	0.5356987323642901	0.2552867261922343	0.1694046680162458	0.03960987342722972
504	0.26638720759346884	0.006247339408129187	0.7233053651709054	0.004060087827496545
505	0.6790439933880668	0.007240398469353748	0.30920645717631007	0.004509150966269434
514	0.6578513363315636	0.22316270991108472	0.08445953250144243	0.03452642125590926
515	0.8031859564653829	0.003947403970473505	0.19086174284861612	0.0020048967155272246
516	0.33541559348255184	0.017748030437442008	0.640058662290946	0.00677771378906022
517	0.42573886677709694	0.17426119474928756	0.25825798023095337	0.14174195824266222
518	0.04963618752662934	0.02542279786311806	0.8567782090151873	0.06816280559506536
519	0.044172489275111665	0.5604423583138378	0.1422147498283494	0.25317040258270124
520	0.007274056893640367	0.9203006609175812	0.005863683871651759	0.0665615983171267
521	6.981596627935371E-4	0.9836287044790107	9.872886177942665E-4	0.014685847240401464
522	0.018023948827608067	0.0013545587738034298	0.9798730592038336	7.48433194754958E-4
523	0.0017255127023069444	0.47461568514702884	0.00293932935696898	0.5207194727936952
524	6.840605257568362E-4	0.20015052313384235	0.0012698105082745005	0.7978956058321263
525	0.3013734135683896	0.37150459504271305	0.05822889807231826	0.2688930933165792
526	5.096479548590069E-4	0.08601151544241589	9.710611067643448E-4	0.9125077754959607
527	8.982508990654218E-4	0.9243493218231684	0.0013746783014810544	0.07337774897628517
528	0.0010141663668391588	0.9471958723042946	0.0017942743906825026	0.04999568693818374
529	0.12597282998629944	0.0027639312007188767	0.8700363127784945	0.0012269260344870549
530	0.0010721578233502341	0.9453360341272098	0.002172593106833917	0.05141921494260606
531	0.0012732378536421713	0.973186248661003	0.0014480818606234988	0.024092431624731264
532	0.0021995686770943657	0.8213189456344774	0.0025515738398263323	0.17392991184860193
533	0.10619228708998829	0.5616142194828989	0.029871462464292096	0.3023220309628207
534	0.011716508295808512	0.9014846009900965	0.017093978970355056	0.06970491174373998
535	0.0013589151643157676	0.43621463729851884	0.0028040033324667982	0.5596224442046986
536	0.0011127633529671506	0.3112345078769146	0.0031857723297473543	0.6844669564403708
537	0.013236204367830155	0.6767838276772843	0.006436116184501567	0.30354385177038395
538	0.004379781751038472	0.9738545972486591	0.002769705473079945	0.018995915527222542
539	6.84060525756835E-4	0.20015052313384266	0.0012698105082745005	0.797895605832126
540	0.0012582744769471653	0.20999307913783363	0.0019781531365466298	0.7867704932486727
541	0.0037374367472706714	0.9693650809528218	0.0025224196251615043	0.024375062674745946
542	0.021051112611551848	0.7485436368936237	0.07875402244187814	0.15165122805294645
601	0.955530007393266	0.0012912740631767046	0.042711191840582134	4.6752670297504575E-4
602	0.06457426682174916	0.03822514159798562	0.8888224044094035	0.008378187170861702
603	0.9195162538254812	0.0011357835033330653	0.07881536605808731	5.325966130985097E-4
604	0.863159585105985	0.0015350701916273602	0.13455804580401592	7.472988983717094E-4
605	0.08724841026529852	0.03826928157209375	0.8570096910659564	0.01747261709665136
606	0.0012120408538333013	0.8924129138511196	0.002316944504161303	0.10405810079088576
607	8.859269170298129E-4	0.9132135347023119	0.0013605072939241439	0.08454003108673416
608	3.496457278577422E-4	0.030201607330211166	6.962119860639012E-4	0.9687525349558672
609	0.7237276658822134	0.03672115314727958	0.2327330783558135	0.006818102614693667
627	0.21299494168360253	0.025503988870441613	0.7506479057167061	0.010853163729249694
628	0.01805850087399794	0.4149496984959473	0.017324142728863352	0.5496676579011913
629	0.9222703566533578	0.010976798595297158	0.0627915358683785	0.00396130888296649
630	0.1883073935555636	0.693752453597446	0.04872156639671475	0.06921858645027573
631	0.003228085692984465	0.9419159447703054	0.004198074327802215	0.050657895208907955
632	0.482542858281386	0.101640880300318	0.3455459865881269	0.07027027483016915
633	0.012730667475148996	0.9146260123672417	0.010549632774492806	0.06209368738311656
634	0.003228085692984465	0.9419159447703054	0.004198074327802215	0.050657895208907955
635	0.037609315547637634	0.3282999763224176	0.06569705092011723	0.5683936572098276
636	0.3983848728233672	0.13683186919813442	0.378262392683312	0.08652086529518631
637	0.03052314663477563	0.25022740498963847	0.03263220644838855	0.6866172419271974
638	0.07588032728316993	0.5960810926461229	0.20345290269931493	0.12458567737139228
639	0.012335051678338304	0.3775734613175785	0.012645542317570594	0.5974459446865127
640	0.045443930488807044	0.4260642689469863	0.027602003531479326	0.5008897970327273
641	0.21591079436814872	0.07733282476953716	0.692204911508983	0.014551469353331169
642	0.20952520487956167	0.3545300664789379	0.3903468606990943	0.045597867942406084
643	0.015210380727552354	0.9415237872886011	0.008559443326116745	0.03470638865772975
644	0.003200080792969836	0.3883724197815053	0.010268464013713821	0.5981590354118111
645	0.021690178933130796	0.2474599760512529	0.013408554530656518	0.7174412904849597
646	0.005625257738463833	0.5784136820357996	0.01763094702143773	0.3983301132042989
647	0.007819631398836272	0.5146410851935167	0.008099145091154076	0.46944013831649295
648	0.10150699145925217	0.3255229775905786	0.5286113253641208	0.0443587055860484
649	0.4702001116487893	0.06999671146885139	0.4475122853264064	0.012290891555953021
650	0.7610534141629196	0.044395008291767304	0.16627381993620802	0.028277757609105104
651	0.6684241949026982	0.02066021863755182	0.30121762338912644	0.00969796307062345
652	0.032364276312992074	0.01303405985772046	0.9466250662491935	0.00797659758009394
653	0.3134965809659268	0.33176734066410807	0.3041999882066784	0.05053609016328673
654	0.012566412318199357	0.44682299671798803	0.030282285698264466	0.5103283052655481
655	0.09540712957783071	0.09487744535272503	0.744651012241869	0.06506441282757523
656	9.445875231032706E-4	0.6127860941363902	0.001583896222790933	0.38468542211771567
657	0.1381771910285983	0.01960757672589134	0.8229216604321407	0.019293571813369832
658	0.6490985183929266	0.019688192510529726	0.3261206553101074	0.00509263378643612
659	0.09627379984635774	0.21516000273126867	0.6387863114338792	0.049779885988494275
660	0.03667570293164629	0.5009952469802285	0.3791639822225141	0.08316506786561115
661	0.024390148668070138	0.7537536231303177	0.011797790871045946	0.21005843733056626
662	0.040099208019580335	0.09494240699049457	0.833051557431211	0.03190682755871421
663	0.007392836204808269	0.1010365841619326	0.014799660493603603	0.8767709191396555
664	0.003250175139780886	0.14223551562621517	0.0050255915871361	0.849488717646868
665	0.03171867220944701	0.040074953135896	0.8813540227140029	0.04685235194065402
666	7.278966962427692E-4	0.976144120977453	0.0010455805636278553	0.022082401762676458
667	0.024443742544115864	0.007963895172884337	0.9620299941454775	0.005562368137522284
668	7.993549760982457E-4	0.952922240397839	0.0011894042085235383	0.04508900041753915
669	0.005867646424035678	0.49923066850982944	0.006713024749070089	0.48818866031706476
670	6.981596627935371E-4	0.9836287044790107	9.872886177942665E-4	0.014685847240401464
671	0.6215128919834046	0.18657586131598192	0.16776301740872415	0.024148229291889298
672	0.15548668355293213	0.01524415335113059	0.8258511224133587	0.003418040682578544
673	6.981596627935365E-4	0.9836287044790107	9.87288617794269E-4	0.014685847240401478
681	0.6383098446488216	0.26962064619024295	0.05823116522161991	0.03383834393931559
682	0.1176971140455742	0.2709841872981002	0.5935707124095974	0.017747986246728388
683	9.644038478872719E-4	0.8212690559508445	0.0015483103085585303	0.17621822989270958
684	0.10773142054625462	0.8406272673792903	0.022471170304660722	0.029170141769794346
685	0.029318396136943713	0.7729533747420678	0.010534731342627007	0.18719349777836128
686	0.3827156376425421	0.5564663169392159	0.04190501771971388	0.0189130276985282
687	8.434323198832519E-4	0.954290055221596	0.0012708141941313112	0.043595698264389325
688	0.002000197228471826	0.8938883982539692	0.0028828557118097957	0.10122854880574937
689	0.0021576422224544724	0.9656250967912307	0.0035211353767386046	0.028696125609576274
690	0.08558435957447451	0.5790297076351817	0.12012240099481362	0.21526353179553012
691	0.21858199661198038	0.1266718398529272	0.5687589173371994	0.08598724619789308
