Index	A	C	G	T
36	0.003534276282922984	0.05757477560922533	0.005151031186603688	0.933739916921248
37	0.003530482754703954	0.055519334215147674	0.005182251845110809	0.9357679311850375
38	0.19450512610797593	0.2922563526900753	0.4023118487982099	0.11092667240373873
39	0.9424522612786803	0.0050311556805632705	0.049208101798175884	0.0033084812425805722
40	0.9327230397241906	0.006337281415033537	0.05730112702367729	0.0036385518370986984
41	0.8115194812298572	0.009333862944332425	0.17245768763477023	0.006688968191039972
42	0.3239554330597382	0.026288255898485182	0.6225285702582369	0.0272277407835397
43	0.1312411409156175	0.03433477139809206	0.8037462855922152	0.030677802094075363
44	0.27181770742933675	0.037923927265993494	0.6454912137173844	0.04476715158728555
45	0.15143022007219314	0.026888514037012156	0.7927760149396471	0.028905250951147626
46	0.1407380273954411	0.08103141472869557	0.7272042138668636	0.05102634400899983
47	0.06068924203477523	0.519026093619646	0.07635128687608633	0.34393337746949243
48	0.03645800447583331	0.7580422290950392	0.04399843995309001	0.1615013264760375
49	0.07817276517184038	0.4218326605844265	0.28305196929750176	0.21694260494623152
50	0.1426355471564073	0.05521185337807886	0.7501317779696375	0.0520208214958765
51	0.12612399669320193	0.035416159228869155	0.8055511275110125	0.032908716566916435
52	0.14152724219851576	0.027378896421830064	0.8018423436297697	0.029251517749884492
53	0.12010908255326597	0.03205128683581688	0.8132731934552573	0.03456643715565967
54	0.2598596769158053	0.027684346179314836	0.6826113178495167	0.029844659055363248
55	0.1433569284793512	0.05454256200266541	0.6296648558611292	0.17243565365685423
56	0.12373248047730906	0.27497572224405753	0.4687074349182012	0.13258436236043214
57	0.02215063033348303	0.2996545351527286	0.023269386787822765	0.6549254477259656
58	0.05358115587148281	0.5625253591234493	0.04099774579014061	0.34289573921492733
59	0.027917659086028827	0.6262361914510699	0.02688774655429157	0.3189584029086097
60	0.0329367915707225	0.7575969066407799	0.03217425071002389	0.1772920510784736
61	0.03146796959386805	0.7914013862862394	0.029400010083165815	0.14773063403672676
62	0.16997602135234155	0.20074749683535395	0.5382403792597966	0.09103610255250791
63	0.035654952814006706	0.6329938243374575	0.04986515007896718	0.2814860727695685
64	0.05438429944026256	0.7159381974052969	0.04581964821148919	0.1838578549429514
65	0.05758202924087034	0.6784932127851298	0.10820208954328417	0.1557226684307157
66	0.11459409453998262	0.4882866227430955	0.12579833683059122	0.27132094588633054
67	0.2485396038158802	0.24882931396045135	0.25372388314654454	0.248907199077124
68	0.1272006475572479	0.2200806518453567	0.10386853765326418	0.5488501629441312
69	0.1660947051351585	0.3406208221525813	0.12673617967627657	0.3665482930359836
70	0.1660947051351585	0.3406208221525813	0.12673617967627657	0.3665482930359836
71	0.5374644975286426	0.09987270507636607	0.23542276302040863	0.12724003437458278
72	0.3642564020177261	0.11792804502245371	0.35696420634440407	0.16085134661541617
73	0.1660947051351585	0.3406208221525813	0.12673617967627657	0.3665482930359836
74	0.1660947051351585	0.3406208221525813	0.12673617967627657	0.3665482930359836
75	0.1660947051351585	0.3406208221525813	0.12673617967627657	0.3665482930359836
76	0.1272006475572479	0.2200806518453567	0.10386853765326418	0.5488501629441312
77	0.1660947051351585	0.3406208221525813	0.12673617967627657	0.3665482930359836
78	0.1272006475572479	0.2200806518453567	0.10386853765326418	0.5488501629441312
79	0.3642564020177261	0.11792804502245371	0.35696420634440407	0.16085134661541617
80	0.3642564020177261	0.11792804502245371	0.35696420634440407	0.16085134661541617
81	0.3642564020177261	0.11792804502245371	0.35696420634440407	0.16085134661541617
82	0.32886904763804203	0.08067280636468122	0.49315636615185227	0.09730177984542454
83	0.0694108549529392	0.1968906279761517	0.06494608828567415	0.668752428785235
84	0.0694108549529392	0.1968906279761517	0.06494608828567415	0.668752428785235
85	0.0694108549529392	0.1968906279761517	0.06494608828567415	0.668752428785235
86	0.08791467371890319	0.3096113897950535	0.07812447141785443	0.524349465068189
87	0.08791467371890319	0.3096113897950535	0.07812447141785443	0.524349465068189
88	0.32886904763804203	0.08067280636468122	0.49315636615185227	0.09730177984542454
89	0.3934798438691955	0.21585992080382357	0.19185046952645182	0.19880976580052917
90	0.24997402338887503	0.2384521754870216	0.2810317368050287	0.2305420643190746
91	0.1017610637750412	0.48141088380620456	0.08621281077120867	0.3306152416475456
92	0.1017610637750412	0.48141088380620456	0.08621281077120867	0.3306152416475456
93	0.5374644975286426	0.09987270507636607	0.23542276302040863	0.12724003437458278
94	0.3642564020177261	0.11792804502245371	0.35696420634440407	0.16085134661541617
95	0.5374644975286426	0.09987270507636607	0.23542276302040863	0.12724003437458278
96	0.3642564020177261	0.11792804502245371	0.35696420634440407	0.16085134661541617
97	0.3642564020177261	0.11792804502245371	0.35696420634440407	0.16085134661541617
98	0.1272006475572479	0.2200806518453567	0.10386853765326418	0.5488501629441312
99	0.11372152489642186	0.41105212667795077	0.09432193211327196	0.38090441631235533
100	0.309295190020539	0.13766052069344833	0.40247918621971335	0.15056510306629933
101	0.09235657105341578	0.36731456607730895	0.07995119205878565	0.46037767081048975
102	0.1348489429084273	0.46492086717660835	0.10086156789314592	0.29936862202181846
103	0.30437074994203656	0.08180143015370836	0.5134343039040595	0.10039351600019567
104	0.2832269727450964	0.15745987602505562	0.4098749798624014	0.14943817136744653
105	0.17062273254109048	0.3381334067772294	0.2811449810305397	0.21009887965114044
106	0.5853210172258759	0.04784406594994294	0.31748606232080095	0.04934885450338028
107	0.07841625130455654	0.40589541130132695	0.06365666992164065	0.45203166747247575
108	0.46956281902407976	0.0667083274554333	0.3990922937086449	0.06463655981184221
109	0.5281893689366399	0.05619693897035482	0.3587634460542907	0.05685024603871465
110	0.06193658007641129	0.5406756228155818	0.0569793139187652	0.3404084831892417
111	0.06481530394193961	0.4654580163703525	0.060591152411394254	0.4091355272763137
112	0.5874703467006621	0.05330595926486851	0.3042203746894517	0.05500331934501772
113	0.34311007360719736	0.12227891503125214	0.3372379982166112	0.19737301314493938
114	0.049563458274881934	0.25079842024738425	0.048886162521428765	0.650751958956305
115	0.22069958808948162	0.4113217833865291	0.13549959347428012	0.23247903504970924
116	0.08434596671087212	0.5351898809189123	0.06918743820534372	0.3112767141648719
117	0.25307247857881054	0.1822168243932	0.43076772435485633	0.13394297267313313
118	0.6391047552559628	0.05252851934548642	0.25491397140343847	0.053452753995112436
119	0.22625798844731468	0.1782862084238444	0.2578366420945691	0.33761916103427186
122	0.43316870364489946	0.1462087060413945	0.2910901655446656	0.1295324247690405
123	0.3778507329805322	0.15386035565523293	0.3230132668137603	0.14527564455047476
124	0.03532208228011801	0.13673435771711845	0.036742818726879366	0.7912007412758841
125	0.3755034281567151	0.1459337510670675	0.38784797279294475	0.09071484798327267
126	0.057895066678437676	0.1994641325409013	0.05725837712272493	0.6853824236579361
127	0.3545893297956166	0.03346653696098106	0.5782389416631584	0.03370519158024391
128	0.030304238441760025	0.5336505774301223	0.0302073448365511	0.4058378392915666
129	0.021173896587700546	0.15507903812855545	0.0232808787163251	0.800466186567419
130	0.034903126485811835	0.7778866668518456	0.03288477692828726	0.15432542973405525
131	0.1623399331995409	0.03805370993341319	0.7644417028667103	0.03516465400033547
132	0.4214770244577175	0.038886017655462936	0.5079327262555134	0.03170423163130605
133	0.1849790181231525	0.1495929838542893	0.21289957032722234	0.4525284276953359
134	0.19577378600985226	0.04041932277114134	0.7244793246756298	0.03932756654337655
135	0.11374301502568593	0.163067092416229	0.08025804994599567	0.6429318426120895
136	0.1379991324249866	0.24612720067491162	0.1856787602787252	0.43019490662137655
137	0.3873895060467792	0.13248783113508592	0.24501150012047454	0.23511116269766041
138	0.17382615149629282	0.39140025438990894	0.22687633438716567	0.20789725972663264
139	0.3578496026399083	0.16666645935492364	0.2843836927264702	0.19110024527869782
140	0.2184140455088247	0.22713423367574273	0.41161432566543193	0.14283739515000055
141	0.48210991945632603	0.04350723756078121	0.43059558800255204	0.0437872549803408
142	0.23697115604087232	0.25507122686436096	0.2823666288410889	0.22559098825367793
143	0.04477422516543455	0.1901823682585447	0.045496578570554926	0.7195468280054659
146	0.33310743266462217	0.0636612566534653	0.531533090593939	0.07169822008797352
147	0.04477422516543455	0.1901823682585447	0.045496578570554926	0.7195468280054659
148	0.23697115604087232	0.25507122686436096	0.2823666288410889	0.22559098825367793
149	0.27440756385371395	0.16215635229911296	0.43398596410551243	0.1294501197416607
150	0.13591910600283338	0.4240100857031299	0.17002953466085097	0.27004127363318564
151	0.07227708877331007	0.19516736376901586	0.09031085790766244	0.6422446895500117
152	0.159306366689613	0.5555929507481008	0.10624340831201207	0.1788572742502741
153	0.12981885181190786	0.22324693399288079	0.10350380956748174	0.5434304046277296
154	0.010039423343747881	0.7804348091344513	0.012037610267176157	0.19748815725462465
155	0.11029902056193218	0.2138769305407624	0.0706042791340331	0.6052197697632723
156	0.025513134047855206	0.5463544483293605	0.043753511276986866	0.38437890634579724
157	0.1352314445255343	0.6663211644838751	0.0765856300841698	0.1218617609064208
158	0.010140601699952704	0.6502159905028698	0.012844401303273282	0.32679900649390425
159	0.009651414556694582	0.587494141362039	0.012377646168683181	0.3904767979125833
160	0.8678550606662896	0.012835636966703695	0.11051490884153523	0.008794393525471527
161	0.009742429075329635	0.8099606069289156	0.011521564993966478	0.1687753990017883
162	0.6549317155626371	0.06525195654941102	0.2328854315823774	0.04693089630557452
163	0.14135626939358675	0.33908892368930826	0.22585265282867967	0.2937021540884253
164	0.12968308990096633	0.4838931716136557	0.07781968339234352	0.30860405509303446
165	0.2376119027744436	0.2682532407400874	0.13282829844464783	0.36130655804082124
176	0.5861807229360295	0.01687422309684644	0.38383423185016896	0.013110822116955018
177	0.8044567663861419	0.012520443726228339	0.17386768871906233	0.009155101168567542
178	0.008977497428843451	0.23941635962405314	0.012204557582506392	0.739401585364597
194	0.10234148159263459	0.27837017158295285	0.07899877847936457	0.540289568345048
195	0.041143862590357794	0.3835981115949389	0.0418908199972142	0.5333672058174891
196	0.04669698160067983	0.49182220797667797	0.04600728012787794	0.41547353029476436
197	0.17326401493884702	0.21287374418035246	0.26174970773197054	0.35211253314882995
198	0.024820924653419053	0.3696666287701508	0.025856906430384782	0.5796555401460454
199	0.02514163969060404	0.2916300851031028	0.026415278877872508	0.6568129963284206
200	0.04323442889059024	0.7351511888432611	0.039254580025597834	0.18235980224055082
201	0.03155038773085586	0.8141829189253734	0.029341069093950106	0.12492562424982064
202	0.030637966544639426	0.6505899153140673	0.03028724758220021	0.2884848705590931
203	0.5866503385936512	0.04908138255052292	0.3318255113909354	0.0324427674648904
204	0.04738140878438158	0.6333768429109338	0.10419478945446956	0.2150469588502152
205	0.21695705815993213	0.17316882397605116	0.46808833702465996	0.1417857808393568
206	0.031928761046420735	0.6804141853279888	0.030914211562725922	0.2567428420628647
207	0.026895632283271832	0.5398981131825946	0.026869948735797438	0.4063363057983362
208	0.028818804907308194	0.6629718566464388	0.02819506062063323	0.2800142778256198
209	0.3052107543260134	0.11622913137895062	0.4554648921252295	0.12309522216980645
210	0.01838897623228711	0.10608167436981326	0.02021797139694976	0.8553113780009499
211	0.021337927279051497	0.208593766240178	0.022405672763302815	0.7476626337174678
212	0.03716424358671637	0.4498345705875282	0.07241021275906843	0.4405909730666871
213	0.14094829705924722	0.026816476644175396	0.8032704465393283	0.028964779757249103
214	0.6244066075279353	0.02224812776064101	0.3317767926717404	0.021568472039683467
215	0.057443002705722904	0.7513457820044995	0.03835898399482745	0.15285223129495026
216	0.36576627510301607	0.024851965171352366	0.5837522943163602	0.025629465409271395
217	0.6593178770636108	0.027703961233611542	0.2880513081280012	0.02492685357477642
218	0.04357751162920547	0.8025124114495475	0.037071655747942106	0.11683842117330488
219	0.042283291186212046	0.7884687443341766	0.046015122734150975	0.12323284174546043
220	0.19902892583258067	0.5351046866817236	0.11361168797630776	0.15225469950938803
221	0.033299105181830546	0.47429314247097365	0.048693038108985474	0.4437147142382103
222	0.14922560344927427	0.055070482402516704	0.7570912168097987	0.038612697338410114
223	0.24176640392394874	0.03414724586243335	0.6941208801068974	0.029965470106720564
224	0.0212382763304183	0.2785104476175558	0.022112722817306807	0.678138553234719
225	0.42676676463197516	0.03162916675911791	0.5073258434233483	0.034278225185558724
226	0.02379268804389771	0.26696582915012496	0.02855684179327071	0.6806846410127066
227	0.2700262711765377	0.21851595173455346	0.2520801445424203	0.25937763254648855
228	0.03726310022962185	0.6410418766824407	0.04371019247153713	0.2779848306164003
229	0.8491625304966954	0.023087708178716634	0.10676965112886512	0.020980110195722792
230	0.031499266747093906	0.7043532142674184	0.0313284777010133	0.2328190412844744
231	0.046987735071579294	0.7348663270129684	0.0688925707796945	0.14925336713575793
232	0.23445801967588975	0.03219030906224019	0.7027613868087582	0.0305902844531119
233	0.05076383707511778	0.5976348195149165	0.08961595733979105	0.26198538607017463
234	0.03807486947322088	0.3703100388241805	0.039311272895624826	0.5523038188069739
237	0.5932840029684596	0.023658208381535192	0.3603174960953128	0.022740292554692537
238	0.28001027584299254	0.02763846465601175	0.6640277608955796	0.028323498605416195
239	0.22488438830739182	0.031130685475704637	0.7110592396253209	0.03292568659158255
240	0.43796152952332257	0.05602339318294502	0.46808549019599555	0.037929587097736785
241	0.3890132832163783	0.03805081072866747	0.5320674806159262	0.040868425439028
242	0.2119867192794375	0.028206240902913616	0.7304528757482716	0.02935416406937739
243	0.024846795639021285	0.25307736432326117	0.025358263301633585	0.696717576736084
244	0.5080336216439106	0.05601444679097886	0.3981605262375493	0.037791405327561346
245	0.3929777883455132	0.02501131161813609	0.55655873007145	0.025452169964900823
246	0.018229592635060347	0.12181919802452931	0.019943361048427307	0.840007848291983
247	0.8182164303189355	0.026195838808237212	0.13064412157176197	0.024943609301065338
248	0.38439794407074335	0.030306324416262704	0.5544045581706053	0.03089117334238877
249	0.7894156694473828	0.03735742738801113	0.14038764413679997	0.0328392590278059
250	0.041577454101882974	0.3033417253431475	0.07100198502869802	0.5840788355262715
253	0.07470746337945762	0.31349346271813633	0.06712386720727809	0.544675206695128
254	0.0984675616060669	0.5182752018232156	0.09728780449317236	0.2859694320775452
255	0.15832074794546444	0.3493477458856875	0.10595205371636562	0.38637945245248234
256	0.6216702337173946	0.05362112755745268	0.27040171118680456	0.054306927538348225
257	0.359905789707261	0.21206563561386957	0.26656140637220993	0.16146716830665955
258	0.3108325968063714	0.056482809809940755	0.569871283985516	0.0628133093981719
259	0.060395706556123585	0.6054066129456663	0.05517183671193854	0.27902584378627165
260	0.17983829385537273	0.3898386794147056	0.21786929893615678	0.212453727793765
261	0.17797178975328687	0.2699150326133944	0.1553006469167006	0.3968125307166182
262	0.5612407361740877	0.047923052865190933	0.34164784939809584	0.04918836156262557
263	0.11871163026127239	0.41967427431922394	0.08502023228382738	0.3765938631356764
264	0.42015630781199514	0.04955844012862535	0.47726993556997543	0.0530153164894042
265	0.0501599641079067	0.35354872863386866	0.04873573327198848	0.5475555739862361
266	0.05870703646746919	0.4123280236228569	0.05855012717248567	0.47041481273718816
267	0.05114837857386863	0.25674428535383825	0.054630239484436925	0.6374770965878562
268	0.04112863117961858	0.20602435914691083	0.04166401115945273	0.7111829985140178
269	0.22829397161490167	0.385883670065065	0.1788136109800795	0.20700874733995367
270	0.3682868463209314	0.12191544884172421	0.4022567700753932	0.10754093476195119
271	0.0481631966842311	0.24291273293200188	0.04772694399938573	0.6611971263843813
272	0.0673807322636405	0.28873649228966125	0.06001529803555971	0.5838674774111386
273	0.48659751213425967	0.07557540679336572	0.3421617555749651	0.09566532549740947
274	0.1154837677949474	0.3951407632737219	0.11833616303615298	0.37103930589517786
275	0.1175924165659965	0.3229891208501012	0.17630455863177322	0.3831139039521291
276	0.5839532564681683	0.050757754361678196	0.3123072296322783	0.05298175953787529
277	0.3791526445349488	0.2608835151592991	0.16732586002120445	0.1926379802845478
278	0.6366672951736334	0.07782211477904873	0.20426542334977393	0.08124516669754385
279	0.23941876188805827	0.3306610651405312	0.19276877356265534	0.23715139940875518
280	0.16370751699288766	0.4122381479594998	0.11488694389916493	0.30916739114844755
281	0.36954967405325373	0.17637983669035998	0.27856548743810755	0.17550500181827877
282	0.11722217516798931	0.46187710286467804	0.0961079679221464	0.3247927540451863
287	0.457314817747263	0.02891504210169886	0.4856481607555275	0.02812197939551063
288	0.02669546967243344	0.3426202364740812	0.02820901868926172	0.6024752751642237
289	0.38875800672374977	0.04908806737426211	0.5250979371435978	0.03705598875839049
493	0.19037850703354245	0.09254720885711329	0.5197729387754211	0.19730134533392304
494	0.14839327956029272	0.48874844399461115	0.20381331313778892	0.1590449633073072
495	0.021542734913192443	0.12106810109308211	0.02554284169389103	0.8318463222998345
496	0.7195594101305772	0.02149951122926914	0.2387084321175021	0.0202326465226515
497	0.16371508568221055	0.5935151352263545	0.13180281054627885	0.11096696854515617
498	0.03167598476703419	0.7844379468546495	0.03095461890907379	0.15293144946924242
499	0.4864858130713847	0.040672159768965536	0.4325453563962148	0.04029667076343495
500	0.03073984859972078	0.7914209750492159	0.028666505134577528	0.14917267121648567
501	0.2401716328259497	0.029368360565729817	0.7023207041892248	0.028139302419095753
502	0.12027934559635091	0.03505695301534139	0.8128450465042693	0.03181865488403843
503	0.02308749017652731	0.3357948553450498	0.0251108036963773	0.6160068507820456
504	0.7553290106294297	0.0242030310515111	0.20046489911564924	0.020003059203409886
505	0.03053005981880761	0.7404017343348572	0.02950972900691132	0.19955847683942388
506	0.040539240311468015	0.6126538787846577	0.05424020576211914	0.29256667514175505
507	0.10308712418187664	0.22435236325383842	0.37490461523997826	0.2976558973243067
508	0.017790403759066358	0.10083220070213611	0.019624305316280143	0.8617530902225174
509	0.01722090332765224	0.0738470220138004	0.01912629538009936	0.8898057792784481
510	0.14604324429772902	0.25029146219330073	0.5367708050025093	0.06689448850646106
511	0.028702457534217796	0.5604380755474339	0.028368072011759456	0.38249139490658873
512	0.3481226365580466	0.02732815149988342	0.5967891837813292	0.027760028160740854
513	0.08364444886874725	0.28418137168415497	0.22547859571632564	0.40669558373077214
514	0.19870237625985443	0.08468214229367947	0.677570828551309	0.03904465289515712
515	0.030930404300816304	0.7972474963836327	0.028826059054508777	0.1429960402610423
516	0.03059686701331961	0.7736359008549072	0.02869040051011551	0.16707683162165773
517	0.38068653455203755	0.058521429598481056	0.4491271856345099	0.11166485021497159
518	0.7947037943701164	0.025632066073404042	0.15824456651515773	0.02141957304132186
519	0.18092599188066796	0.04144440603735562	0.7338330180847225	0.043796583997253925
520	0.11119948297603206	0.39555975471634597	0.1510429859005563	0.3421977764070657
521	0.04318336028424451	0.6107114509365851	0.04461473861490466	0.30149045016426584
522	0.038052787650341494	0.1688659484467324	0.07080712468053406	0.7222741392223921
523	0.02711480876064721	0.11367304724482573	0.0326817603978396	0.8265303835966875
524	0.6677618020565085	0.062418132788008035	0.14410802086540245	0.1257120442900811
525	0.5823851897997826	0.14830157678047984	0.1388646542167111	0.13044857920302663
526	0.1743060520441681	0.02895002328802939	0.7667008924884948	0.030043032179307694
527	0.5382183004453263	0.026118542411086867	0.41046895937932354	0.02519419776426346
528	0.29123686470372667	0.1457620337377342	0.4996729731452099	0.06332812841332917
529	0.5675041557720617	0.06636957133840068	0.2547394721418137	0.11138680074772395
530	0.5483806142965897	0.16594772921694056	0.13793934236879987	0.14773231411766985
531	0.6740141273693745	0.05656907765125171	0.23115883373162266	0.038257961247751195
532	0.5821846639205686	0.07539088677867688	0.25595003473998995	0.08647441456076453
533	0.5087359831608477	0.17218116661237368	0.1937179822893519	0.12536486793742685
534	0.02989709527293412	0.15037494994675968	0.03268046596725094	0.7870474888130552
535	0.40748092842075573	0.13529003648626195	0.21232710397371798	0.24490193111926434
536	0.18916775791096516	0.16902148188928376	0.32023754111354963	0.32157321908620146
537	0.25939740383070936	0.10401464412037445	0.4674965729526868	0.16909137909622943
538	0.11108066578712711	0.46287580464005135	0.0924326463006407	0.33361088327218075
539	0.11108066578712711	0.46287580464005135	0.0924326463006407	0.33361088327218075
540	0.5792436272371151	0.07024312087520489	0.2705031314954005	0.0800101203922795
541	0.6662072128270777	0.06440310456690071	0.1982331888861704	0.07115649371985126
542	0.35568311925195945	0.08009851805098123	0.4671620072942829	0.09705635540277642
543	0.34905322129862665	0.12362779259983883	0.30465953366318027	0.22265945243835436
544	0.2052963091868069	0.26027176937614077	0.12671350866553072	0.4077184127715215
545	0.15161111015026513	0.1941461429683887	0.1001941605377188	0.5540485863436274
546	0.2683520618105084	0.12098890850655489	0.40215846984939485	0.20850055983354193
547	0.6662072128270777	0.06440310456690071	0.1982331888861704	0.07115649371985126
548	0.39043844137583605	0.2179779403267341	0.18222671224096412	0.20935690605646573
549	0.32607476033976435	0.16045121671735313	0.16385067178372217	0.3496233511591603
550	0.10312770423034058	0.42521412952481347	0.0872963975673904	0.3843617686774556
551	0.136521057115141	0.3079821970301925	0.13527461491194914	0.42022213094271743
552	0.5196733308847655	0.07674742999004705	0.31411791688016727	0.08946132224502024
560	0.14034416877316142	0.28022686791785256	0.15238505236850824	0.4270439109404777
561	0.05234674082472403	0.2317537084032497	0.050567486253876255	0.6653320645181501
562	0.2050215172875548	0.426756116521839	0.1311112676946749	0.23711109849593137
563	0.4204854725202804	0.1764034893284551	0.25294446659211695	0.15016657155914762
564	0.47302729040637825	0.11494898837916952	0.23730566614495108	0.17471805506950114
565	0.07742012808317045	0.4045896149976757	0.075127096798167	0.44286316012098675
566	0.056537913494565925	0.31616580647643755	0.05396859818577887	0.5733276818432176
567	0.06977296032319537	0.5794314814666807	0.06271088338138153	0.28808467482874245
568	0.05495931342310986	0.36522790488621043	0.05274572785716435	0.5270670538335154
569	0.06414738429840557	0.5417500607280612	0.05886998187958729	0.335232573093946
570	0.33540108533979784	0.09333521874174153	0.42032581760128956	0.15093787831717115
571	0.0685165472843303	0.2736186665579282	0.061769297811060365	0.5960954883466811
572	0.14401719018360834	0.41542618301956435	0.18289644917407197	0.2576601776227552
573	0.5505683029590749	0.09489324831561917	0.21213250031157943	0.14240594841372656
574	0.12394917205820732	0.3253422448280437	0.252296293864	0.29841228924974905
575	0.03841625380978494	0.7320900737313819	0.03857138545340032	0.19092228700543282
576	0.4890459565298956	0.20707820206704278	0.16705542340165427	0.13682041800140748
577	0.018355887460859775	0.10668891738649719	0.020287461643034698	0.8546677335096085
578	0.020293429959441313	0.20997686740226051	0.02173340610550434	0.7479962965327939
579	0.01836679014425911	0.08699478944445102	0.021593951061250654	0.8730444693500392
580	0.6038016440650292	0.04488973227129172	0.3065372759835613	0.044771347680117916
581	0.03670091452592881	0.6319106891060734	0.03873503674449092	0.2926533596235069
582	0.14134146637095973	0.39303512612214636	0.14425693948410043	0.3213664680227935
583	0.6193989965704406	0.06880831314462857	0.23318857318161446	0.0786041171033164
584	0.498746564762021	0.1561638150636721	0.18938794416971694	0.15570167600459
585	0.1516236228274384	0.3637820605322185	0.17201560149433673	0.3125787151460064
586	0.3042512872126787	0.08180244247339787	0.5135481714345355	0.10039809887938808
587	0.30122373811792047	0.12194716383964649	0.3671433268609862	0.20968577118144682
588	0.35611866740656073	0.11030619075841785	0.4151853394149138	0.11838980242010756
589	0.4067429899097349	0.0865970954698445	0.40803192774783437	0.09862798687258624
590	0.5975359555991683	0.06910638689780711	0.2550347425152775	0.07832291498774704
591	0.6577415763672693	0.06476174419358258	0.20569987392404998	0.0717968055150982
592	0.07201557040953811	0.1851510706951682	0.06728495833140488	0.6755484005638889
593	0.07219500136384935	0.195124267549525	0.06659997337924703	0.6660807577073786
594	0.5087706684464385	0.07807822483752053	0.32507518633401244	0.08807592038202863
595	0.25408774123272504	0.2126905201498075	0.18635651237719064	0.34686522624027694
596	0.10390688206779183	0.49139530797800823	0.08693584131127184	0.31776196864292816
597	0.3909351746933945	0.11077737993501563	0.3681370858895725	0.13015035948201745
598	0.20137141808186412	0.3574015710376432	0.19061824171404104	0.25060876916645164
599	0.2931899089881219	0.09348384555140327	0.4794696888289956	0.13385655663147933
600	0.09271959567927764	0.3039401773443687	0.07944479351916349	0.5238954334571901
601	0.18315036279003624	0.34793508197671386	0.11143607252425315	0.3574784827089967
602	0.10685944332428363	0.499525383970575	0.09031506810893832	0.303300104596203
603	0.15558100563011132	0.18355391244380695	0.10359623485577993	0.5572688470703019
604	0.2765528795990338	0.2139270959909011	0.2045000697258482	0.30501995468421705
605	0.3975744127136529	0.11354560656212553	0.3012573369483814	0.18762264377584023
606	0.15003787682762867	0.3918115009965004	0.15182336616657818	0.30632725600929267
607	0.10652609882905373	0.46083650293455963	0.09270914868489723	0.3399282495514894
608	0.4559458308753891	0.0755156908559175	0.3793159846543842	0.08922249361430928
609	0.1085286299978409	0.4648337043370694	0.08918081091565616	0.3374568547494336
610	0.15558100563011132	0.18355391244380695	0.10359623485577993	0.5572688470703019
611	0.3912776786244261	0.11275033613592723	0.36731584957753166	0.12865613566211506
612	0.4222175523556137	0.07825928312138013	0.40630946223800163	0.0932137022850046
613	0.07072185118492508	0.18288642839892238	0.06560573760243575	0.6807859828137168
614	0.07072185118492508	0.18288642839892238	0.06560573760243575	0.6807859828137168
615	0.10515726113792864	0.5013223542800224	0.08775556771200402	0.305764816870045
616	0.20318627940794326	0.3996798986172962	0.12245113540674632	0.2746826865680142
617	0.11999772019414975	0.3401676624403601	0.1179142725371455	0.4219203448283447
618	0.42600725550851504	0.07730801724006697	0.4046669369460357	0.09201779030538236
619	0.09806961130645958	0.4150727310302356	0.08373703687077218	0.4031206207925327
620	0.10515726113792864	0.5013223542800224	0.08775556771200402	0.305764816870045
621	0.10515726113792864	0.5013223542800224	0.08775556771200402	0.305764816870045
622	0.5255062036156514	0.1059687579753938	0.19847967108701917	0.17004536732193573
623	0.08613541059162291	0.19343692015472772	0.08556930758948837	0.634858361664161
624	0.3318189968184403	0.08637157612701364	0.47540799463024064	0.10640143242430547
625	0.4796964849388809	0.0814518959559638	0.34222666759191467	0.09662495151324059
626	0.09883623698263239	0.32689988970379164	0.08542528343263658	0.4888385898809394
627	0.30558693018378535	0.17075712302594145	0.16815867804651774	0.35549726874375553
628	0.6392107127495812	0.06911952344218814	0.21417426141415946	0.07749550239407135
629	0.09617979702889207	0.30464123378638813	0.08372653680812311	0.5154524323765968
630	0.4796964849388809	0.0814518959559638	0.34222666759191467	0.09662495151324059
631	0.5374644975286426	0.09987270507636607	0.23542276302040863	0.12724003437458278
632	0.1660947051351585	0.3406208221525813	0.12673617967627657	0.3665482930359836
633	0.3642564020177261	0.11792804502245371	0.35696420634440407	0.16085134661541617
634	0.5374644975286426	0.09987270507636607	0.23542276302040863	0.12724003437458278
635	0.5374644975286426	0.09987270507636607	0.23542276302040863	0.12724003437458278
636	0.3642564020177261	0.11792804502245371	0.35696420634440407	0.16085134661541617
637	0.1272006475572479	0.2200806518453567	0.10386853765326418	0.5488501629441312
638	0.3642564020177261	0.11792804502245371	0.35696420634440407	0.16085134661541617
639	0.20721165791441043	0.24260842253744913	0.13567323734162703	0.41450668220651343
640	0.4688593853196485	0.05331208351736666	0.43298753990980493	0.044840991253179946
641	0.03801161794441961	0.28616938646490736	0.037903868111813746	0.6379151274788594
642	0.1868399468019384	0.5097619770800018	0.15235281959132232	0.15104525652673748
643	0.03266369843351267	0.5157460628561058	0.03215245305621076	0.4194377856541709
644	0.0356968781560775	0.6509819347984421	0.03613475553035643	0.277186431515124
645	0.153120935138386	0.21274616932968643	0.4507407728804888	0.18339212265143867
646	0.2451778981342578	0.06390740498109704	0.6007595974881093	0.09015509939653582
647	0.04316196196912234	0.7487060527141952	0.040022498795522145	0.1681094865211603
648	0.481665637229758	0.1848138091696656	0.26476179443676123	0.06875875916381519
649	0.8038487748137103	0.0370006775251179	0.13418212924451814	0.02496841841665376
650	0.027188602552407033	0.3867596529890281	0.028086842179748557	0.5579649022788163
651	0.06497589201676479	0.3607595946042538	0.0903155896728328	0.4839489237061486
652	0.029880961690663864	0.5184245326260136	0.029764302286501516	0.421930203396821
653	0.07486482984554897	0.29654139567401416	0.05431636428973302	0.5742774101907039
654	0.02077592240814126	0.14608069096290202	0.022856524599534845	0.8102868620294219
655	0.02012297990406865	0.12043891949469746	0.02231295072720314	0.8371251498740307
656	0.08670111865761436	0.594856780873362	0.06297369498164423	0.2554684054873794
657	0.03586894444164089	0.6984216766468911	0.03412487079122492	0.23158450812024295
658	0.09360162162221128	0.4542744948894991	0.20137479421273938	0.2507490892755503
659	0.042531215021848444	0.5940359800719024	0.04007404573670247	0.3233587591695467
660	0.041019218433302675	0.5334211106419383	0.039185090001793994	0.38637458092296506
661	0.08027687283744234	0.6799371425223673	0.05639275224815334	0.18339323239203711
662	0.04573174294277916	0.7035517201530187	0.04221931755211017	0.20849721935209192
663	0.046213038860559136	0.651465233233874	0.043162140607722485	0.25915958729784444
664	0.03707869800763025	0.20128638091428797	0.04310475975505941	0.7185301613230224
665	0.0562258854491048	0.36760347969840146	0.08076141962423826	0.49540921522825554
666	0.6040785814058302	0.0569137029382157	0.2870899539190165	0.051917761736937684
667	0.7066058896139987	0.034692616090083235	0.22609303705434247	0.03260845724157555
668	0.3876842396990153	0.1775550841876991	0.3128359294029695	0.12192474671031617
669	0.2635078071214361	0.2435675651118117	0.12417679866202531	0.36874782910472687
670	0.7350669388779961	0.04126983399876528	0.1835632226597912	0.04010000446344743
671	0.3325419386880223	0.22337395222986792	0.1697786634506513	0.2743054456314586
672	0.6423664702097973	0.046784522237387	0.2638965699259563	0.04695243762685928
673	0.05704491301341397	0.37541426333854844	0.055196559815793786	0.5123442638322439
828	0.042695920072213026	0.34597579733103917	0.04293807258419464	0.5683902100125532
829	0.3349019307994306	0.18879180109975618	0.21860201788703512	0.25770425021377824
830	0.5263012817570925	0.09027760988719008	0.254465846596152	0.12895526175956562
831	0.2641550861796089	0.04611932615535388	0.6402617460222999	0.049463841642737386
832	0.18873754431110049	0.29618337611014817	0.1604454706020626	0.3546336089766888
833	0.5054148751087401	0.09776515136236323	0.24223577975474989	0.15458419377414692
834	0.25319403439886173	0.17711465653237227	0.1722783232922221	0.39741298577654394
835	0.17893622323184202	0.26893204847239227	0.3081765230001423	0.24395520529562342
836	0.1100212101512912	0.458100931607376	0.10271108228172485	0.32916677595960786
837	0.04211313030763673	0.24021011418305394	0.04100472555666733	0.676672029952642
838	0.30456235061047154	0.07582737649522547	0.544569361289286	0.07504091160501701
839	0.20377725200937258	0.3286255626424243	0.32939056158352764	0.13820662376467552
840	0.5323943723535999	0.06109065417009607	0.3458181489904511	0.06069682448585304
841	0.7988129767869542	0.03403224143398662	0.13731043456301248	0.029844347216046722
842	0.4713820443673048	0.30143071452524495	0.12559417024136438	0.10159307086608604
843	0.05309233092055371	0.3743049895447924	0.13226876339066027	0.44033391614399364
844	0.11307360886140473	0.37525951551289727	0.1359048324812523	0.3757620431444458
845	0.5435381366077755	0.2509176835363474	0.15234919162843155	0.053194988227445596
846	0.11951312472102815	0.4061208938611754	0.087322830178462	0.38704315123933447
847	0.24940116213090352	0.19660486296508875	0.47414881663665553	0.07984515826735218
848	0.17263699948924252	0.5154661533005557	0.24719872681685232	0.06469812039334952
849	0.011704809558344905	0.7401920532502533	0.017417355592841893	0.23068578159856004
850	0.00762208625542341	0.7950953816854575	0.008873324976838973	0.18840920708228026
851	0.5546533247018555	0.015339838645589302	0.415503896760519	0.014502939892036269
852	0.0038397359750757232	0.09027822238901442	0.0067382654967169855	0.8991437761391929
853	0.04741815564820751	0.26240507680509534	0.09842766799080277	0.5917490995558944
854	0.008352100800623662	0.6881734425856719	0.010462218319193747	0.2930122382945107
855	0.05670749169323878	0.7418186224338478	0.09660629199245978	0.10486759388045376
856	0.009067541736177142	0.7877966164934248	0.011094889370489932	0.19204095239990804
857	0.005504478633732549	0.3200241523864612	0.007343013411457357	0.6671283555683488
858	0.004984858184077472	0.25837726739303274	0.0067251547710784	0.7299127196518114
859	0.005852894531951984	0.370314573629557	0.007745664703909825	0.6160868671345813
860	0.031129902435099204	0.8163079655564124	0.028849111884782796	0.12371302012370569
861	0.03118464695542609	0.8196692097514371	0.028880629183056002	0.12026551411008078
862	0.02637967386978906	0.5303021386203814	0.02602785076272549	0.4172903367471041
882	0.2035700682963018	0.4829742224972477	0.25718872340984583	0.05626698579660469
883	0.785607315710772	0.008263019159728041	0.2011947489994483	0.004934916130051645
884	0.007689798718219204	0.9087881492973756	0.008680303950477898	0.07484174803392735
885	0.006326199283228173	0.4157971301548153	0.008425780848213714	0.5694508897137428
886	0.11432918616540984	0.6974473116674249	0.0637697678015105	0.12445373436565478
887	0.0072074999040426775	0.37968306469311414	0.009232103932737459	0.6038773314701058
888	0.10265015305911959	0.23546625172993113	0.6285561518370618	0.033327443373887475
889	0.007441083636418154	0.6313427226074915	0.008996685162637555	0.35221950859345275
890	0.00848754795425366	0.7121286852294039	0.010484627459276925	0.26889913935706566
891	0.007454947330614665	0.576077508222617	0.00941081122498362	0.40705673322178465
892	0.09958707906934954	0.4023938613883037	0.05994587535034962	0.438073184191997
893	0.05366459080896315	0.569844983709556	0.09900393442522049	0.2774864910562603
894	0.007899790928946673	0.511294312285573	0.012101652049363037	0.4687042447361172
895	0.07827528152288496	0.60834431522617	0.10195645324742579	0.21142395000351924
896	0.1447418180812679	0.19622256868443938	0.049491653239471134	0.6095439599948216
897	0.09696689684528946	0.3434674767691775	0.06026736536785485	0.4992982610176782
898	0.5100801496023682	0.008769364108543343	0.47459030588738604	0.006560180401702297
899	0.0036413131054719703	0.08518059863647721	0.005261232044185409	0.9059168562138653
900	0.027403362487574648	0.357138939453952	0.019100822209562624	0.5963568758489108
901	0.7292552687631461	0.007870291632384313	0.2577422907037211	0.005132148900748487
902	0.6570270340611596	0.02053949833820023	0.31134051362000914	0.011092953980631108
903	0.010063151118720795	0.12750686849168102	0.02301235715439814	0.8394176232352001
904	0.2784189799986075	0.15619645458103695	0.20036273869506152	0.365021826725294
905	0.007514194874190818	0.339065398934971	0.011200851883670027	0.6422195543071682
906	0.005211402751244062	0.08033811017452046	0.012888908775832403	0.9015615782984031
907	0.5637766395978946	0.10090692162167322	0.259564808528122	0.07575163025231026
908	0.2956640520696465	0.010196214798784877	0.6862264137971763	0.007913319334392446
909	0.020546244669765838	0.5598705750846539	0.03461684585294092	0.38496633439263933
924	0.05979006372068859	0.35422290408153884	0.07960937415744412	0.5063776580403285
925	0.07377896721344061	0.3750911257937187	0.15712368728708853	0.39400621970575217
926	0.6554809949065534	0.025191837206406036	0.2958361971213058	0.023490970765734673
927	0.02690180896637894	0.38235986393553467	0.028155306857783162	0.5625830202403033
928	0.2278725000773244	0.0461685185722709	0.6678437662670883	0.05811521508331632
929	0.33486844424931744	0.1685859984509704	0.24124292498538508	0.2553026323143271
930	0.020520355524016792	0.1473885559223183	0.022997675316769724	0.8090934132368952
931	0.3072492505475327	0.0431081681647125	0.6003291273729745	0.04931345391478041
932	0.2777455245434594	0.15270050541806937	0.4416009796445212	0.12795299039395008
933	0.2984699378937946	0.1546377117395534	0.40997509401109017	0.13691725635556187
934	0.03767251980710514	0.1439914584717909	0.04022087788505605	0.7781151438360479
935	0.6279601552787568	0.04249382022063889	0.28658936577728633	0.04295665872331809
936	0.35107200444935505	0.12009404106056044	0.4403864521975102	0.08844750229257445
937	0.3219956819286705	0.07712943759838768	0.4939826633192562	0.10689221715368558
938	0.05744459675132147	0.4412704967765069	0.05452990565573478	0.44675500081643676
939	0.30292724491298734	0.05287401424375586	0.5859869234390537	0.05821181740420306
940	0.09524805534493681	0.3928184111941995	0.08184600276193836	0.43008753069892536
941	0.3042512872126787	0.08180244247339787	0.5135481714345355	0.10039809887938808
942	0.2683520618105084	0.12098890850655489	0.40215846984939485	0.20850055983354193
943	0.07113796710627178	0.1852181725507218	0.06592898471805517	0.6777148756249514
944	0.12316085087438483	0.1885889636049343	0.13509569633354024	0.5531544891871406
945	0.35568311925195945	0.08009851805098123	0.4671620072942829	0.09705635540277642
946	0.5514241103723962	0.07109615185339722	0.2958267397830783	0.0816529979911283
948	0.30815707817982385	0.0819520272650591	0.5094044762673826	0.10048641828773452
949	0.24254888884161305	0.34363703969438203	0.12345675325053644	0.2903573182134685
950	0.06532661415378446	0.37863346036652085	0.06506604074838733	0.4909738847313074
951	0.3297978373057487	0.14662393966535708	0.36941573197333377	0.15416249105556046
952	0.175107880639413	0.30400435404400067	0.1446874310670189	0.37620033424956745
953	0.08623912787717758	0.5723193699525423	0.06560886389822682	0.27583263827205334
954	0.09608733917950033	0.5221258719653692	0.08165497018982	0.3001318186653104
