Index	A	C	G	T
1278	0.1421028074372493	0.15462804550171916	0.5820996527434001	0.1211694943176314
1279	0.4416374009984403	0.09154280610900667	0.3935043970540667	0.07331539583848633
1280	0.04153451262895464	0.7616592565387824	0.0722076096696643	0.12459862116259854
1281	0.005236987498602235	0.731143650693028	0.0068324717133906076	0.2567868900949791
1282	0.8211700652356912	0.029906833264793393	0.14107862148471886	0.007844480014796571
1283	0.2628659513567185	0.10436104625468144	0.35093485513752504	0.2818381472510751
1284	0.13733943648309907	0.011784143173154188	0.841928385999673	0.008948034344073852
1285	0.1941323029784037	0.014771147991828621	0.7708897359948835	0.020206813034883954
1286	0.0062931332199505875	0.28433616829639685	0.018867380298704623	0.6905033181849479
1287	0.08194516999422208	0.21866216237127264	0.16541886987701968	0.5339737977574855
1288	0.41147663354908864	0.014661080926221193	0.5615984887689897	0.012263796755700525
1289	0.002569977847263499	0.076617192118327	0.004471937785233118	0.9163408922491764
1290	0.0033938062506937866	0.2637350077531692	0.004966713015937886	0.7279044729801992
1291	0.2572953276328412	0.10657911105464059	0.12288585501887725	0.513239706293641
1292	0.8134042141330422	0.014902456919510853	0.14960771630352118	0.0220856126439257
1293	0.039000120454416774	0.8073122936109784	0.040297269072728265	0.11339031686187648
1294	0.09766032554422245	0.5507159168225472	0.19626920007095536	0.155354557562275
1295	0.017209640971661458	0.7254765533042251	0.03239072845567289	0.22492307726844046
1296	0.1733697404168993	0.19839033021311292	0.15576207672014333	0.47247785264984443
1297	0.032868365679708585	0.5061470129573558	0.06052456949665525	0.4004600518662805
1298	0.45307110489558583	0.17034766233947507	0.16726922712504413	0.20931200563989497
1299	0.08333059281905573	0.39048121877033365	0.044254949168513254	0.48193323924209724
1300	0.22001549355761704	0.43848946366306213	0.12330071771344059	0.21819432506588032
1301	0.3530671533393838	0.16475864017761993	0.18172446234445153	0.3004497441385448
1314	0.018031131813868916	0.2541672258209866	0.02369733116440074	0.7041043112007438
1315	0.008830598868515255	0.5677825377941538	0.023156564081974362	0.4002302992553565
1316	0.03065778757905311	0.1681875567621798	0.7920230282131823	0.009131627445584904
1317	0.17488678998156446	0.2184694386796257	0.5295768182770336	0.07706695306177624
1318	0.4739390380759893	0.0024024870394063116	0.5230386047618171	6.198701227873182E-4
1319	3.6306582703458907E-4	0.8460842924683445	6.376633496487986E-4	0.15291497835497217
1320	0.002989273607366668	0.8807624079143999	0.0023113764786629166	0.11393694199957066
1321	9.980719249505088E-5	0.02440228032427692	2.3232464946712687E-4	0.9752655878337609
1322	2.4140541986606768E-4	0.944945291432531	4.040444104195933E-4	0.05440925873718319
1323	8.260891800296181E-5	0.010170814240166763	1.872281474753657E-4	0.9895593486943549
1324	0.012371237610390566	0.41400659910216236	0.39941235679016324	0.17420980649728396
1325	1.0989725540763831E-4	0.018299627837725558	2.469174841006122E-4	0.9813435574227662
1326	0.008582966125908238	0.3978382388283707	0.007389243770332923	0.5861895512753882
1327	3.5420799187477946E-4	0.12819157036053194	7.086287689395074E-4	0.8707455928786538
1328	0.0033016267842714405	0.9857956140034746	0.002620832377537414	0.00828192683471656
1329	5.285737392720364E-4	0.4041611217566657	0.0011718348676777494	0.5941384696363845
1330	0.0016733056981740077	0.37624863114690155	0.014967038596285731	0.6071110245586386
1331	0.10384672345381289	0.10171683158832119	0.7578422355068182	0.0365942094510477
1332	0.043440200308392386	8.396279907408731E-4	0.9552675391735163	4.526325273505102E-4
1333	0.31796582734272605	0.002265673857694953	0.6791065691669947	6.619296325841978E-4
1334	0.03156280126915828	0.3042685259120558	0.05438613527371584	0.6097825375450701
1335	0.10002401366879646	0.2372272934209198	0.6172290074182023	0.04551968549208139
1336	5.83854585326919E-4	0.25847280769725045	0.0017329919377344354	0.7392103457796882
1337	0.11048676917603428	0.17190702654023143	0.4479994784264642	0.26960672585727
1338	0.11009228534849164	0.4058003699956046	0.46222609201454595	0.021881252641357877
1339	0.0026447192892147236	0.2801780757630391	0.04208610632046283	0.6750910986272833
1340	0.053640306766175344	0.31859381539627435	0.04247558655122439	0.5852902912863259
1341	0.11231227488910409	0.5218473860954084	0.0979622471847379	0.26787809183074957
1342	0.8684954907781128	5.915491123042237E-4	0.13069615295909062	2.1680715049237202E-4
1343	0.0757339833940688	0.8128350859357718	0.03631724395524841	0.07511368671491098
1344	0.007206709318386192	0.385507093104211	0.015204573007969627	0.5920816245694331
1345	0.706639387913753	0.035796292313247505	0.20174779051981218	0.055816529253187266
1346	0.013273839597061864	0.12026126919615608	0.03943725770224596	0.8270276335045361
1347	0.7514152600150453	0.004186668743456486	0.24221885368719773	0.002179217554300389
1348	0.6120942179255638	0.03039695551730524	0.3238405694640613	0.0336682570930695
1349	0.02368689064514189	0.3774675160359019	0.06426661937054905	0.5345789739484073
1392	0.01977772984467188	0.1452728301311424	0.023165223846895396	0.8117842161772904
1393	0.4628208548851351	0.08396517997641514	0.32598388377845416	0.12723008135999553
1394	0.05656934130236329	0.006140081862502212	0.9299093439848382	0.007381232850296358
1395	0.22833788525824167	0.1345080067945911	0.5296897250821071	0.10746438286506013
1396	0.22138803550273758	0.017074725522580107	0.739096881362634	0.022440357612048323
1397	0.1734716374113401	0.19278753902334822	0.38881646908806033	0.24492435447725122
1398	0.2670560584697489	0.07787435158043089	0.6302715413219705	0.02479804862784969
1399	0.05194420948420183	0.13830791471763498	0.7198960773925572	0.089851798405606
1400	0.18260496450591532	0.07577337301964551	0.5997682817606865	0.14185338071375267
1401	0.003514602744531657	0.2571621410194545	0.01051063656322446	0.7288126196727894
1402	0.024659505778659753	0.6216300100814601	0.05602284207537155	0.29768764206450865
1403	0.0027377335236863226	0.8303108346359004	0.002860618132521118	0.16409081370789216
1404	0.017852788576195797	0.17402874084446143	0.018021819533010006	0.7900966510463326
1405	0.02706946554527423	0.1368443756531086	0.38805631926755974	0.44802983953405734
1406	0.4953935906690215	0.0034321458487646694	0.5000486136404393	0.001125649841774517
1407	0.49617488647714936	0.010832524451997177	0.4839954473028841	0.008997141767969263
1408	0.006949640627044083	0.7640590550736387	0.03598371817069905	0.19300758612861835
1409	0.0014370774642985629	0.942794382118937	0.0030636293077824003	0.05270491110898213
1410	0.021692283908113313	0.6328770030754468	0.2710007561942654	0.07442995682217456
1411	9.371161491067209E-4	0.11360893561483595	0.00544996970486409	0.8800039785311933
1412	0.005064079017756626	0.22924280693539914	0.027089655554847124	0.7386034584919972
1413	0.8657425162083003	0.005588616857765202	0.11942757770748898	0.00924128922644533
1414	0.0011153886223122381	0.40340061577000447	0.0062165177539877554	0.5892674778536956
1415	3.295117600043267E-4	0.9258552947421039	5.572890039352631E-4	0.07325790449395658
1416	1.726895550710838E-4	0.9915114846416212	2.671142211465522E-4	0.00804871158216119
1417	0.001252209512929558	0.8299587909832687	0.008078600039641804	0.16071039946415994
1418	2.2777344134643337E-4	0.991551282681668	4.6686368520294097E-4	0.007754080191782625
1419	4.771105712853848E-4	0.9873344127557362	7.015033250611185E-4	0.011486973347917206
1420	4.2436227994054564E-4	0.7479690391338482	8.466642349082826E-4	0.25075993435130306
1421	0.0013530824808957451	0.11784705785801478	0.017950084382626845	0.8628497752784626
1422	0.03225812780771894	0.20741099665163343	0.7159976573932658	0.044333218147381746
1423	0.4419332715363584	0.0014556990980305398	0.5558999831361567	7.110462294543786E-4
1424	2.886972600924584E-4	0.8131773343950891	5.195026117465933E-4	0.1860144657330717
1425	9.47889309369699E-5	0.018321915808340104	2.1319276207314728E-4	0.9813701024986498
1426	0.0720047667677952	0.0018482202549553123	0.9256619164069311	4.850965703184638E-4
1427	0.006535728684127236	0.41301792154725453	0.03822549796460009	0.5422208518040182
1428	0.31320189597670445	0.27547658080622933	0.04653046922445572	0.36479105399261064
1430	0.0036598253545291823	0.13357817895226348	0.005218620677234735	0.8575433750159726
1431	0.0021195262993888896	0.7123782097016468	0.003451012331827825	0.28205125166713646
1432	0.05120933530007304	0.20939207338243207	0.45351991279531817	0.28587867852217685
1433	0.2936564246883401	0.13443105005790373	0.3696290410145543	0.20228348423920195
1434	0.13732637601860997	0.003503784098489746	0.8573168365189598	0.0018530033639404524
1435	0.6885716103601076	0.04816296050565836	0.24437149316972226	0.018893935964511832
1436	0.29931448280158074	0.136680766424528	0.4824870134678175	0.08151773730607366
1437	0.07071721063100511	0.002026284499083645	0.9259262937935758	0.0013302110763352807
1438	0.376864246282222	0.045934110592248056	0.5689415872053879	0.00826005592014204
1439	0.059843971965760766	0.584811582868593	0.16889696545393001	0.1864474797117162
1440	0.017311618295385963	0.3881801336981154	0.08508726107528655	0.5094209869312121
1441	0.8348599765272007	0.00227408258642934	0.16181236889160147	0.0010535719947685042
1442	0.12916601168909977	0.03920557987193118	0.7690522378904912	0.06257617054847785
1443	0.004291735291959922	0.08955621948372226	0.004944591052467097	0.9012074541718507
1444	0.3295906158600559	0.006286238065770192	0.6595936342401225	0.00452951183405145
1445	0.07111790661985082	0.4712434861844148	0.0479375398480697	0.40970106734766465
1446	0.0725498992562947	0.27680903727360295	0.588905629127042	0.06173543434306039
1447	0.10173582092720546	0.1945262438539768	0.04841847733508756	0.6553194578837302
1448	0.1079082228140688	0.16783648150619657	0.6517093040540674	0.07254599162566726
1449	0.14357385529178993	0.4138696308544796	0.09818947145773552	0.344367042395995
1450	0.006398318924440675	0.6997364967707826	0.012051496150503499	0.2818136881542732
1451	0.11539875978113416	0.09945686477472844	0.2193949525594429	0.5657494228846945
1452	0.5029568490306909	0.057176742759729365	0.38869487184887364	0.051171536360706024
1465	0.20582558967189338	0.019081246689885936	0.7586990073596207	0.016394156278600015
1466	0.2629737345297874	0.02228383316193611	0.7047652249299677	0.009977207378308798
1467	0.8430713937944595	0.005402409915838374	0.14794033629330794	0.003585859996394204
1468	0.19326623362702122	0.07530288156277248	0.4735013607545338	0.2579295240556726
1469	0.004236995483370997	0.3514796016442276	0.006243110768372024	0.6380402921040293
1470	0.012980563951183554	0.7240062046514053	0.03273270245867968	0.2302805289387315
1471	0.23342657682904108	0.5479321961526685	0.15698592674439352	0.061655300273896915
1472	0.14329120825023742	0.23201524402743526	0.1510933471986394	0.47360020052368795
1473	0.6029738624460456	0.07430051315261209	0.27804556965390803	0.04468005474743436
1474	0.3636857832517749	0.056833133524253183	0.5506448956927351	0.028836187531236814
1475	0.1187828494885714	0.5428652188209376	0.22579970650057768	0.11255222518991326
1476	0.006831675684195751	0.5443111165215715	0.020852517305920353	0.4280046904883125
1477	0.15784536160921717	0.007184199968563129	0.8305979532489717	0.004372485173248156
1478	0.05115202211300902	0.004709403420814477	0.9403151120837518	0.003823462382424707
1479	0.05162334219453132	0.19667099641194538	0.23573852597360132	0.515967135419922
1480	0.4654871779046922	0.36491569555213743	0.11517865192144063	0.05441847462172988
1481	0.03072030750404993	0.6920950442810263	0.05829734705927633	0.21888730115564733
1482	0.07012910396234584	0.3459923273386386	0.4326364971168446	0.15124207158217096
1483	0.0560417167145901	0.401730643651222	0.1696574502397107	0.3725701893944772
1484	0.01954718967827098	0.471398321398556	0.0765966458108882	0.4324578431122849
1485	0.22589377182412326	0.37654826653171797	0.12382975445556946	0.2737282071885894
1486	0.0040537133128563775	0.7780704497741378	0.005069039700432051	0.21280679721257378
1487	0.13127151892882358	0.009214587175358346	0.8544306696393703	0.005083224256447796
1488	0.0012660957107319616	0.9694191739189799	0.0019118972629962707	0.027402833107291896
1489	0.0010365197228730098	0.06850453045034711	0.0020899805704197682	0.9283689692563601
1490	0.0012952245550924277	0.8928892149161514	0.0018696773491778096	0.1039458831795785
1491	0.16583668415464903	0.33139941796076416	0.3523804936962242	0.15038340418836266
1492	0.023194135967674036	0.10905557604370933	0.12092582862149631	0.7468244593671203
1493	0.0016975325854216273	0.5765855704359152	0.002728402678962731	0.4189884942997006
1494	0.5662738998659925	0.04155175921843005	0.38563883240229063	0.006535508513286884
1495	0.13366347838910003	0.5084756109569423	0.130459797535515	0.22740111311844285
1496	0.5063472957786982	0.002669196114957535	0.48949366416738765	0.0014898439389566297
1497	0.39374327763367206	0.006241491066253737	0.5978166475492808	0.0021985837507933607
1498	0.17664611442118577	0.20164938232521823	0.5908613586015576	0.03084314465203841
1499	0.6780430736682925	0.005205568684732803	0.31343892913067717	0.0033124285162976015
1500	0.5358287419557952	0.006009131374483406	0.4543637540014241	0.0037983726682974048
1501	0.002041431418305323	0.07639169510900938	0.0031480857319087425	0.9184187877407766
1502	0.0848880519539731	0.09042069015206776	0.7874308074336838	0.03726045046027533
1503	0.005086629761325754	0.7568778546888607	0.006845633351863171	0.23118988219795034
1504	0.045114904945874196	0.5120988016166934	0.1690422418213459	0.2737440516160865
1505	0.4495119485158087	0.17546510876332747	0.2932857783795477	0.08173716434131616
1506	0.09678746790778132	0.5097274517109265	0.059250738675048854	0.3342343417062435
1507	0.12162895442998854	0.45901926362580336	0.13910019665139417	0.28025158529281397
1508	0.9029368971194472	0.006483812249924852	0.08643026731668244	0.0041490233139454095
1509	0.5440208562708417	0.04035790350730543	0.37711277617023414	0.03850846405161882
1510	0.28535404316395635	0.044017866180337976	0.624976726880674	0.04565136377503173
1511	0.17093177880524738	0.17215609442197763	0.27060388023219567	0.3863082465405793
1512	0.20699324442368858	0.2927789066046328	0.2983147962395421	0.20191305273213642
1513	0.3463381245577004	0.10562839249751452	0.4090593939681743	0.13897408897661062
1514	0.14428289985826936	0.3935941791432446	0.11350507534377105	0.348617845654715
1515	0.10511262243820302	0.20930995055383905	0.08973716268270249	0.5958402643252555
1516	0.10511262243820302	0.20930995055383905	0.08973716268270249	0.5958402643252555
1517	0.10511262243820302	0.20930995055383905	0.08973716268270249	0.5958402643252555
1518	0.14428289985826936	0.3935941791432446	0.11350507534377105	0.348617845654715
1520	0.3019553524261465	0.16306639685565688	0.1573763855246269	0.3776018651935698
1521	0.14428289985826936	0.3935941791432446	0.11350507534377105	0.348617845654715
1522	0.08364175535422126	0.338077728831678	0.07469072144145505	0.5035897943726456
1523	0.022139144631348258	0.6324637922504235	0.01809065714988328	0.32730640596834504
1524	0.4070010942596333	0.2583968042822361	0.12418407251079243	0.21041802894733816
1525	0.012520327367329087	0.7752635374218815	0.02503121597794467	0.18718491923284472
1526	0.27722125124237607	0.043948057931200823	0.6345027071669075	0.04432798365951567
1527	0.07360377968219552	0.7674445497468146	0.08106616915007625	0.07788550142091359
1528	0.06546059687317707	0.7685159423034952	0.0665201422318487	0.09950331859147912
1529	0.09267658264150791	0.15667971722494717	0.6930366889929128	0.05760701114063216
1530	0.004262445683969794	0.9538525470183431	0.00468567485534824	0.03719933244233888
1531	0.057714378623285344	0.5085731195130951	0.21520464279641843	0.21850785906720116
1532	0.5823487061992566	0.005526624707321267	0.40716719891740455	0.004957470176017662
1534	3.9586252222405596E-4	0.7442780147296404	8.301535366688866E-4	0.2544959692114666
1535	0.0015982320720572358	0.9714256811669375	0.0013783228752940672	0.025597763885711253
1536	0.0017424679275559172	0.32410926500061576	0.013402290789953144	0.6607459762818751
1537	1.7038785811717878E-4	0.10393796944813966	3.6946553769037066E-4	0.8955221771560528
1538	0.03357326522147215	0.26830723113461113	0.6277112218825992	0.07040828176131762
1539	0.07635747030366116	0.009048979310886007	0.9103863987916645	0.004207151593788368
1540	0.6726095372486373	0.014806957676986797	0.30686757306779455	0.005715932006581538
1541	0.8055839298436159	0.025163457597302465	0.134542412798064	0.034710199761017635
1542	0.07922092652334232	0.16164436457783266	0.723521091331638	0.035613617567187034
1543	0.8297532551340218	0.02557671084588302	0.13579601336798117	0.008874020652114172
1544	0.7453049739607488	0.0033775636561509162	0.249343848645636	0.0019736137374643313
1545	0.10460205674910421	0.2300589315702899	0.4613382532343335	0.20400075844627247
1546	0.012695409221078304	0.22952902343942555	0.09437847781901414	0.6633970895204819
1547	0.09072107857119924	0.0025193852675186148	0.9052212041489649	0.0015383320123172636
1548	0.01214258168125984	0.780614488083237	0.03575171591557174	0.17149121431993158
1549	0.57609333393262	0.0723317056171223	0.08892401243801672	0.26265094801224104
1550	0.6635977294242439	0.005402991542060593	0.3272426757056688	0.0037566033280267814
1551	0.00305135632374658	0.2078815489768693	0.0024692141438565694	0.7865978805555276
1552	0.0015213896626933218	0.0785654014114719	0.002779029767703644	0.9171341791581311
1553	0.14011373198757127	0.06548806087274621	0.7159000826868239	0.07849812445285867
1554	4.141221479557198E-4	0.24789872728063775	8.14534928262893E-4	0.7508726156431437
1555	0.0026623373842588126	0.8887605747881308	0.022599938203209644	0.0859771496244009
1556	0.0049222197401064625	0.9219288209493284	0.026941522696346934	0.04620743661421823
1557	0.3886344764042212	0.0010990194065475757	0.6097791658549199	4.8733833431130295E-4
1558	0.01633432497183302	0.7981395082744767	0.07940348011086977	0.1061226866428206
1559	0.007936499634087471	0.8904861167579383	0.013097616338390728	0.08847976726958351
1560	7.421566514751729E-4	0.048432625943544055	0.0018318477341850283	0.9489933696707957
1561	2.1392344354064806E-4	0.9926896050095018	4.3026698900259017E-4	0.006666204557954939
1562	0.004230625244062977	0.19542204266680113	0.012532747035260307	0.7878145850538756
1563	3.918980003107977E-4	0.42221016709872605	7.548177771477886E-4	0.5766431171238153
1564	0.059955979770593526	0.01956668420389202	0.9050396797125471	0.015437656312967524
1565	0.011037997835517524	0.4735200575323415	0.010386125638525454	0.5050558189936156
1566	0.4327206388734987	0.018460638534710687	0.5458201125913626	0.002998610000427935
1567	0.2664086566953746	0.0031318072444519434	0.7287268340320743	0.00173270202809923
1568	0.049440640224823335	0.7685569446670439	0.04668963221300701	0.13531278289512574
1569	0.4849311395038173	0.04850960802595539	0.4532585628390368	0.013300689631190514
1570	0.18905475477993378	0.6677738318445527	0.1057635981941957	0.0374078151813179
1571	0.21372958183916152	0.21291244452747363	0.5223344098775977	0.05102356375576699
1572	0.7373278560611087	0.1381599050551636	0.10761255940301927	0.016899679480708352
1573	0.010684320326334179	0.536956428308148	0.011390347216637276	0.4409689041488805
1574	0.07304009115654049	0.5106307182882455	0.29772289436775523	0.11860629618745892
1575	0.7128586797449163	0.022795627861194163	0.2615414282893881	0.0028042641045014673
1576	0.09273009681202087	0.08146411687993975	0.8024915701867126	0.023314216121326732
1577	0.030272706529403604	0.5590018762028386	0.10610059276166083	0.3046248245060969
1578	0.04804646851067192	0.37079932129552173	0.10291700015943273	0.47823721003437364
1579	0.028777801951057305	0.7985376726193693	0.1158082547237989	0.05687627070577439
1580	0.581955442857457	0.17135233852558623	0.1410609828662977	0.10563123575065897
1581	0.043334678103939775	0.1862475848828401	0.07552820147256918	0.6948895355406509
1582	0.17569017976110843	0.022837782061829154	0.7794972401746748	0.021974798002387608
1583	0.5161212788509818	0.0376924394367409	0.4106523559838472	0.035533925728430164
1584	0.19265660846970534	0.13744326456817157	0.5220081915585814	0.1478919354035417
1585	0.014717191282979132	0.19066785762626448	0.017466979049844074	0.7771479720409123
1586	0.2832912446382935	0.04809396550627965	0.6175954034275342	0.051019386427892714
1587	0.5774065341024478	0.04394346441564493	0.3357277681693191	0.04292223331258819
1588	0.044097589560222986	0.3218231604027655	0.04514529170565131	0.5889339583313603
1589	0.28186345250381417	0.16852979104879046	0.15669773322241828	0.39290902322497717
1590	0.1983444619410781	0.3304625684338626	0.25760794728607306	0.21358502233898619
1591	0.7623669714370731	0.03250424385717415	0.17544088544388564	0.029687899261867247
1592	0.38555624287503604	0.15254879634786825	0.17418102571120214	0.2877139350658937
1593	0.2832912446382935	0.04809396550627965	0.6175954034275342	0.051019386427892714
1594	0.28186345250381417	0.16852979104879046	0.15669773322241828	0.39290902322497717
1595	0.43879232960453607	0.21978466595713259	0.18452020096816685	0.15690280347016444
1596	0.7623669714370731	0.03250424385717415	0.17544088544388564	0.029687899261867247
1597	0.4921271936624003	0.0455055182289249	0.4171602561574617	0.04520703195121297
1598	0.1553608770226813	0.36548466584531336	0.1203330062426258	0.3588214508893795
1599	0.5599844327128749	0.09342663989865418	0.230432605480911	0.11615632190755992
1600	0.07202216672017117	0.32953854768870267	0.06670634020639243	0.5317329453847337
1601	0.013389442642255611	0.16456282804028355	0.01602923573968617	0.8060184935777746
1602	0.1633406615523262	0.6025657385722396	0.10692382025721413	0.1271697796182201
1603	0.04138174938036134	0.70264074625109	0.07138874304812566	0.184588761320423
1604	0.028621462435477776	0.347262647565352	0.028631374420553128	0.595484515578617
1605	0.1550246433253372	0.019164289969533815	0.8070320061480115	0.01877906055711753
1606	0.020270919651325086	0.6555042066584135	0.021573103899511593	0.30265176979074987
1607	0.019299241417572985	0.674315888486723	0.020205696932218707	0.28617917316348535
1621	0.4430024178180066	0.10349099865407896	0.35393781624571463	0.09956876728219981
1622	0.09495253613054874	0.09793347497087873	0.4428526122829581	0.3642613766156145
1623	0.6049445385810719	0.007319379569145871	0.38341796162116515	0.004318120228617144
1624	0.5118935204562065	0.012727195481662111	0.46691113724475347	0.008468146817377988
1625	0.04391774913929554	0.34271445367577763	0.23172659217766053	0.38164120500726634
1626	0.19812119406768158	0.4918000786394727	0.17539184631870952	0.13468688097413611
1627	0.3761468186701873	0.0319816891288391	0.5754988052614748	0.016372686939498907
1628	0.025195924472386763	0.19995416615976486	0.042065566604165994	0.7327843427636824
1629	0.054905889530305174	0.2975101324319242	0.5233019811254012	0.12428199691236944
1630	0.37084862774821853	0.08166786166092702	0.3208257298396795	0.22665778075117493
1631	0.21593008245434164	0.055982988699561545	0.5198702467968217	0.20821668204927513
1632	0.2608304183850756	0.020046338355192813	0.6987284668069791	0.020394776452752523
1633	0.03763952430263073	0.7545363180278585	0.06840495003408704	0.13941920763542381
1634	0.001728141519087605	0.04671489184105458	0.0026675140891340068	0.9488894525507239
1635	0.35015194868958255	0.005233435966866529	0.6407863606745869	0.0038282546689640436
1636	0.060162142229406655	0.10019243551460812	0.6745156916114625	0.16512973064452285
1637	0.011362559601129918	0.4626129572771888	0.011868973311686718	0.5141555098099946
1638	0.03545795642132243	0.2243581399648941	0.02803788550304812	0.7121460181107353
1639	0.029135560290946255	0.4482009146590049	0.016636994114136452	0.5060265309359124
1640	0.12015627935368126	0.08992230172202198	0.6532407100002728	0.1366807089240239
1641	0.04024367204128698	0.5386784573530871	0.28030969622818797	0.1407681743774381
1642	0.07106133986703309	0.34031027148498144	0.21685837548608658	0.371770013161899
1643	0.001439400514656031	0.5553308457898257	0.0021805901964737666	0.4410491634990445
1644	6.13702837925353E-4	0.09089197775263176	0.0014361616256382678	0.9070581577838046
1645	0.029469758172554775	0.0010788428490473411	0.9687250157647181	7.263832136797706E-4
1646	0.22665394568535652	0.01823923662246155	0.7239799662736626	0.031126851418519397
1647	0.0014187938155463939	0.19112334542763326	0.005061691380423817	0.8023961693763966
1648	0.030319214339396165	0.0019559959325064877	0.9663150763540994	0.0014097133739980271
1649	0.8571395820245278	0.0013198315711618288	0.14089593301818062	6.446533861296635E-4
1650	0.9597139009581174	8.752252067517467E-4	0.03900065394395074	4.102198911800813E-4
1651	0.050235644256550256	0.2053137909453296	0.660212617155088	0.08423794764303214
1652	0.08009462792272315	0.012703864879406215	0.8879989900073183	0.019202517190552285
1653	0.003712153951894592	0.8738312703126921	0.008746917876851907	0.11370965785856134
1654	0.0010545547536371512	0.3811534778292511	0.001955373879000162	0.6158365935381116
1655	0.11916708802772949	0.20668460813492376	0.6246298640312317	0.04951843980611503
1656	0.2530546756913649	0.04065429587972695	0.6862629431528727	0.020028085276035407
1657	0.6706526776392975	0.06006115195713413	0.1070881348996681	0.1621980355039003
1658	0.37990156305641737	0.06015552577587984	0.5430357388016296	0.016907172366073316
1659	0.8930764291564652	0.003097920141251393	0.10268796648382619	0.001137684218457165
1660	0.01962016734849787	0.14895317313690734	0.05966490046701763	0.7717617590475772
1661	0.10782399586308294	0.018783585505917404	0.8681045908522368	0.0052878277787626925
1662	0.6427130779653528	0.12517576777250722	0.1912237735575617	0.04088738070457821
1663	0.005673680470794711	0.5218992129810555	0.007389083916453559	0.46503802263169636
1664	0.14556420914027482	0.10939067864069156	0.6707076460627448	0.07433746615628879
1665	0.05833292583387552	0.3248518555103559	0.37238106001013643	0.2444341586456321
1666	0.026069022431588665	0.30489293459325784	0.06123581561039353	0.6078022273647601
1667	0.03807166073133719	0.0019557677548046174	0.9586795434621012	0.0012930280517570562
1668	0.07484201606319651	0.10863848242798942	0.15687312692162347	0.6596463745871907
1669	0.3423059236962095	0.060710340378747986	0.48809090808028116	0.10889282784476151
1670	0.027326821128609634	0.7578100662785283	0.019668998685155557	0.19519411390770652
1671	0.026908132046805276	0.7519476672852358	0.01972126604181277	0.2014229346261461
1672	0.33939334672310634	0.00822040812829644	0.6459296021571457	0.00645664299145156
1673	0.04048580823734622	0.568053115414944	0.08872125321854066	0.3027398231291693
1674	0.08746444453515237	0.5128013643861984	0.05396861760010203	0.34576557347854736
1675	0.3377692430161366	0.014124430202902036	0.6373345854987776	0.010771741282183781
1676	0.21963089578442452	0.1448469828012159	0.5487545730768661	0.0867675483374935
1677	0.850622177674844	0.013452545876558865	0.12611440784311728	0.00981086860547988
1678	0.13912651959103411	0.37390395796025233	0.08875781296800686	0.39821170948070667
1679	0.46307326188293096	0.023239558179550996	0.49463355251502394	0.019053627422494224
1680	0.03829575894613423	0.34151994544020675	0.04028249264716166	0.5799018029664973
1681	0.3645997481863921	0.15693679322008566	0.17110822638947557	0.30735523220404665
1682	0.039618445430948286	0.3936946026266247	0.04126378598943704	0.52542316595299
1683	0.04763422018449068	0.624277560640918	0.045878441810549384	0.282209777364042
1684	0.03961844543094825	0.39369460262662487	0.04126378598943704	0.5254231659529899
1685	0.023366400958757794	0.15800127148301576	0.026579054203369434	0.792053273354857
1686	0.1995126225161112	0.3184256079799424	0.27693304093476734	0.2051287285691791
1687	0.514139718201096	0.04008952029248494	0.40749336341363124	0.038277398092787816
1688	0.5141397182010962	0.04008952029248493	0.40749336341363107	0.0382773980927878
1689	0.33616891041527003	0.10019967948328162	0.43380039284823846	0.1298310172532099
1690	0.31712140588267473	0.16272001986883627	0.1619950431533304	0.3581635310951585
1691	0.5268736229263256	0.038198641769692225	0.39903269193583346	0.03589504336814866
1692	0.02000154000941655	0.482922702157273	0.02373166298064234	0.4733440948526682
1693	0.6643909842731253	0.06489647945120189	0.17753508961195694	0.09317744666371586
1694	0.36269442478823166	0.021577207189142873	0.5973586489484225	0.018369719074202966
1695	0.012837674063845674	0.14763772654207044	0.019472653212563182	0.8200519461815208
1696	0.00808871855411522	0.11189041578880933	0.010904313327675766	0.8691165523293997
1697	0.08486736767238384	0.14209361600725912	0.17165893416806913	0.601380082152288
1698	0.021003036032547554	0.1687877299312194	0.03745094552162117	0.7727582885146119
1699	0.45562116421751847	0.23081584997865276	0.15477344311417568	0.1587895426896532
1700	0.3217682466686604	0.054732968344571586	0.5619308744299222	0.06156791055684591
1701	0.049453789641137044	0.22749849659122054	0.04843063745353314	0.6746170763141093
1702	0.15704039866716746	0.01778812925755307	0.8093236671137323	0.01584780496154716
1703	0.008946936563003301	0.14990058127135278	0.011845516520220055	0.8293069656454238
1704	0.15209391329643915	0.01985143394667753	0.8112156019208083	0.01683905083607498
1705	0.14147107244420848	0.30295197932057444	0.4279333376072118	0.12764361062800522
1706	0.20400069886138514	0.2913173919119639	0.28959288215973156	0.21508902706691954
1707	0.051217475685862164	0.2977442362577535	0.03902109812790127	0.6120171899284831
1708	0.3390332284688277	0.04261022411647088	0.5551045811614385	0.06325196625326293
1709	0.009518888747830499	0.15426084560444653	0.012532012220644304	0.8236882534270787
1710	0.20381209220130542	0.24222835085952146	0.42418324922470985	0.12977630771446327
1711	0.26234379841572825	0.07924949597445399	0.6142300553481262	0.0441766502616916
1712	0.25116359545527167	0.4907320634842288	0.10325939388813052	0.15484494717236896
1713	0.45808373008341774	0.1227879251190686	0.18282488934423263	0.23630345545328088
1714	0.24125135877142267	0.22149953786855836	0.4131927662780905	0.12405633708192851
1715	0.18364290145491166	0.241389149162287	0.23365106801958946	0.34131688136321187
1716	0.5585496274535298	0.022869536702366387	0.39957696906035634	0.019003866783747655
1718	0.37999305329054084	0.1888571019616414	0.3377719874116632	0.09337785733615456
1719	0.19945502141410318	0.2969166532344793	0.40670199070712976	0.09692633464428779
1720	0.8676939458729708	0.004515413360818522	0.12528352139938084	0.0025071193668299565
1721	0.2565913476772275	0.4051155610733236	0.10583772274157269	0.23245536850787635
1722	0.7789870481710199	0.0445528367943933	0.1221243199966265	0.054335795037960224
1723	0.002039374439449418	0.9574942084601485	0.004388218747662932	0.036078198352739003
1724	0.014963982024690061	0.2296346051186505	0.12146960645501137	0.633931806401648
1725	0.49277188136023625	0.02670299470893278	0.37574568047473705	0.10477944345609375
1726	0.09739706994268797	0.0355026418979206	0.844325361278678	0.02277492688071344
1727	0.01872176514563645	0.5245029921153536	0.16314740417904217	0.29362783855996777
1728	0.025888273302921667	0.18269494547937098	0.6314655570482609	0.1599512241694465
1729	0.0015110294096270136	0.7841845026439612	0.0024532633093831842	0.21185120463702856
1730	0.023045687314324846	0.1988249168929332	0.057121393431176545	0.7210080023615654
1731	0.17545349910186772	0.00549457291688106	0.8160811304254989	0.0029707975557522583
1732	0.09201693445962739	0.14689877508589017	0.18802963514353288	0.5730546553109496
1733	0.8202679299727825	0.0013516961289064156	0.17774085793413938	6.395159641717097E-4
1734	0.023483970477683174	0.001454907059622959	0.9742214751081291	8.396473545648513E-4
1735	8.222754676707853E-4	0.9727967056640168	0.0011589540379905849	0.025222064830321817
1736	0.0028197249547569246	0.3305657084601732	0.010337384145165175	0.6562771824399047
1737	0.4368931884578773	0.010715306375325863	0.5500776234409327	0.0023138817258642054
1738	0.00133363573729256	0.9288773051040278	0.0018524456508668737	0.06793661350781294
1739	0.02852368907446782	0.3522069463114944	0.1578619108088299	0.4614074538052079
1740	0.0013864486026771827	0.518446049806801	0.002163955407480913	0.4780035461830408
1741	0.0683176576105332	0.14460141012882324	0.16363187384398187	0.6234490584166617
1742	0.17840106870386466	0.5578952561946748	0.2229789040240512	0.04072477107740921
1743	0.18164452143920942	0.16647143959902772	0.5390618478510713	0.11282219111069158
1744	0.008491628412686768	0.12376932447817972	0.010625654931421383	0.8571133921777122
1745	0.2839367914198846	0.028323001694506352	0.6688190830803323	0.01892112380527663
1746	0.08552315054008088	0.031498014168863366	0.805301866414182	0.07767696887687367
1747	0.05071177411399337	0.1586176643059126	0.03347840916020383	0.7571921524198902
1748	0.27855112422736505	0.1584618442901023	0.4182194888578333	0.1447675426246994
1749	0.167991656236136	0.4409980927442332	0.10805208445546677	0.28295816656416417
1750	0.4132606785238166	0.14638958882016775	0.294136040891846	0.14621369176416976
1751	0.14933752291288171	0.2835215455308925	0.15283833089183602	0.4143026006643897
1752	0.12104923019500882	0.18971010517738915	0.08565752726543947	0.6035831373621625
1753	0.06669244026044402	0.1832901115048244	0.06268450879167727	0.6873329394430544
1754	0.31900613121204674	0.08116242194647001	0.5013284805033166	0.0985029663381667
1755	0.20181114947242193	0.3320683536377626	0.2005618649924555	0.26555863189736006
1756	0.16921888930124485	0.183542462827108	0.11431670305503527	0.5329219448166119
1757	0.5878787448760534	0.06648128920399575	0.27110889424588913	0.07453107167406185
1758	0.322175093664523	0.09195635099100975	0.46959819439986616	0.11627036094460115
1759	0.3080103135493663	0.15979310731508128	0.15237890834781107	0.3798176707877413
1760	0.6332357202465414	0.07351673159417844	0.2088369007703614	0.08441064738891879
1761	0.322175093664523	0.09195635099100975	0.46959819439986616	0.11627036094460115
1762	0.08439049473323307	0.19526984600776834	0.07558164229447055	0.6447580169645281
1763	0.34433122315741016	0.2675585520454548	0.16516921950522628	0.2229410052919088
1764	0.10658943129420298	0.33342818037141514	0.08997789077196498	0.470004497562417
1765	0.34433122315741016	0.2675585520454548	0.16516921950522628	0.2229410052919088
1766	0.08439049473323307	0.19526984600776834	0.07558164229447055	0.6447580169645281
1767	0.08439049473323307	0.19526984600776834	0.07558164229447055	0.6447580169645281
1768	0.322175093664523	0.09195635099100975	0.46959819439986616	0.11627036094460115
1769	0.06633784405667816	0.18234853760411748	0.062404330036098285	0.6889092883031062
1770	0.1930977408013194	0.030013607662603945	0.7471485962604718	0.029740055275604933
1771	0.7848609548910883	0.04033567288645304	0.14572002059934544	0.029083351623113277
1772	0.25696082182302876	0.3723303484575263	0.12211953077850408	0.24858929894094084
1773	0.15137911062860337	0.32331324982529513	0.2945530810232542	0.23075455852284726
1774	0.3336088110209425	0.1410515728728876	0.19872338890088334	0.32661622720528666
1775	0.1556490912849427	0.2567924398615359	0.446668335397279	0.14089013345624254
1776	0.286580963839896	0.2998654613489811	0.29051727579991576	0.12303629901120713
1777	0.03129002877191988	0.21093850835490435	0.05718842121143906	0.7005830416617367
1778	0.2194811634207075	0.14613729212578003	0.10933834822562434	0.5250431962278881
1779	0.15899551276001522	0.08871642212560295	0.5674791903999836	0.1848088747143982
1780	0.11658326000279859	0.44844873408064445	0.2309521422687393	0.2040158636478177
1781	0.10941295884933319	0.26451775794268506	0.14646248660509498	0.4796067966028868
1782	0.021857110081514867	0.644498336919951	0.12240636305256622	0.21123818994596785
1783	0.09431087847621936	0.6943230838265565	0.06613744698343313	0.14522859071379096
1784	0.007746100298942216	0.8551901963612926	0.011897901176674377	0.1251658021630909
1785	0.015685752103888045	0.924892495230181	0.010655891291701922	0.04876586137422895
1786	0.03357585351385496	0.0478105961903208	0.8741476806032809	0.0444658696925435
1787	0.0508278206410169	0.6191740134793391	0.21091351454209306	0.11908465133755097
1788	0.09172518318534474	0.0832267670025451	0.06154905083820173	0.7634989989739085
1789	0.14051896096740685	5.142605528560746E-4	0.858708018731415	2.587597483222072E-4
1790	0.0016272590928576344	0.688979261399581	0.009010871659654217	0.3003826078479072
1791	0.12788362419254728	0.016492869637643928	0.8011625390008333	0.05446096716897539
1792	0.01990454684944891	0.008716848707329071	0.9697642837358158	0.001614320707406223
1793	0.022289577183371306	0.3808055637010868	0.5308843710147354	0.06602048810080642
1794	0.08751182740713676	0.13656795978824376	0.7667284427114451	0.009191770093174319
1795	0.012864550613142994	6.842344557553378E-4	0.9862387672932013	2.1244763790049018E-4
1796	9.606410160718108E-4	0.9384547562185817	0.009583938168636091	0.0510006645967104
1797	2.1406102307088424E-4	0.9805626944543078	4.411663325620935E-4	0.018782078190059382
1798	0.010310736547217893	2.725191739677128E-4	0.9892553854881632	1.613587906512239E-4
1799	0.010682144299659056	5.680558161324232E-4	0.9883665008733707	3.8329901083777824E-4
1800	0.374980057019579	0.03415722066512681	0.5884655208051316	0.0023972015101625657
1801	0.18504065545228565	8.00283172567187E-4	0.8137236892233302	4.353721518170652E-4
1802	9.987000565655391E-5	0.01688723194573628	2.2781206317563712E-4	0.9827850859854316
1804	2.5768421825223914E-4	0.10224433704350185	6.602214928393145E-4	0.8968377572454067
1805	0.03343988750541305	0.9014395883201404	0.04959299892884707	0.015527525245599624
1806	0.006920901282451646	0.9803807599486815	0.003398963157697172	0.009299375611169787
1807	2.0347516115153607E-4	0.9760112025765727	3.423304625629295E-4	0.02344299179971288
1808	2.6612120074468457E-4	0.9733124964798953	4.2856488464003314E-4	0.025992817434720022
1809	0.041636778805905765	0.3051390658502259	0.143504269860719	0.5097198854831493
1810	0.03652878703233956	0.9406740934155396	0.009454937934874444	0.013342181617246427
1811	0.3866653500807287	0.3712949464342758	0.20717067078695786	0.03486903269803749
1812	8.226716861567148E-5	0.005616222952040575	1.8234505806187341E-4	0.9941191648212819
1813	0.00953555548626299	3.048716355071686E-4	0.9899875494200483	1.7202345818161116E-4
1826	0.08388545202887195	0.005732199080680897	0.900485099201968	0.009897249688479248
1827	1.0294896878263006E-4	0.03716436419238443	2.2573040923353472E-4	0.9625069564295995
1828	0.11336999581861233	9.487601097121644E-4	0.8852012406448064	4.8000342686902977E-4
1829	0.7342286161575403	0.0010101775786747762	0.2644179585766321	3.432476871528777E-4
1830	3.1290392891387454E-4	0.9946989723894817	3.8380562460821614E-4	0.004604318056996164
1831	0.9760187008907312	3.5407942216796626E-4	0.023476144900876076	1.5107478622487496E-4
1832	0.011921340555437658	0.13428340618257772	0.05365690475384939	0.8001383485081351
1833	0.009495752713059531	3.212459359810277E-4	0.9899774974662602	2.0550388469928128E-4
1844	0.5004485142173442	0.006930992236534934	0.4876262581875205	0.004994235358600432
1845	0.011177299961827203	0.004588161821568656	0.9826917299141565	0.0015428083024476727
1846	0.003913191023687252	0.9683960689956844	0.016609609229502432	0.011081130751125932
1847	2.594129286450742E-4	0.9654675887808436	4.4444231949760223E-4	0.03382855597101378
1848	0.008246095034211354	0.8930346887401205	0.02637963283193459	0.07233958339373368
1849	0.11474363611362098	0.6953286591477388	0.023163840560936202	0.16676386417770409
1850	0.6765659919474167	0.05250904228241277	0.21418276331985414	0.056742202450316304
1851	0.006137560108629185	8.978676544132884E-4	0.9926642613817906	3.003108551669253E-4
1852	0.017152986126100375	0.010631144640310642	0.9394420542003035	0.032773815033285504
1853	0.019373854150073266	0.0035532621208667634	0.9753781786761557	0.0016947050529042553
1854	0.017668048226889776	0.08291982285217034	0.8739084795000813	0.025503649420858636
1855	4.851858771779525E-4	0.9634840662682044	0.004157744691231836	0.03187300316338584
