Index	A	C	G	T
1	0.9361149446692775	0.013139776344465308	0.045588225794330924	0.005157053191926329
2	0.9677105344794972	0.0019783268945779723	0.02927133983594825	0.0010397987899766062
3	0.9361149446692775	0.013139776344465308	0.045588225794330924	0.005157053191926329
4	0.009633030928115233	0.04569243053580019	0.00959908899670902	0.9350754495393756
5	0.11376925779821803	0.08414896003596235	0.23836849493758835	0.5637132872282313
6	0.8406088649387503	0.02959564470959125	0.07741976212898784	0.05237572822267072
7	0.9361149446692775	0.013139776344465308	0.045588225794330924	0.005157053191926329
8	0.9677105344794972	0.0019783268945779723	0.02927133983594825	0.0010397987899766062
9	0.13515084422258894	0.04317542500513291	0.7304382533888008	0.09123547738347737
10	0.8406088649387503	0.02959564470959125	0.07741976212898784	0.05237572822267072
11	0.0015949095412808626	0.05886882715143816	0.0027298346861236384	0.9368064286211574
12	0.002434501436201913	0.9591778331230875	0.0031671238539297216	0.03522054158678088
13	0.9677105344794972	0.0019783268945779723	0.02927133983594825	0.0010397987899766062
14	0.30518719074952655	0.08405554223992859	0.09987864254776598	0.5108786244627789
15	0.9677105344794972	0.0019783268945779723	0.02927133983594825	0.0010397987899766062
16	0.0015949095412808626	0.05886882715143816	0.0027298346861236384	0.9368064286211574
17	0.0015949095412808626	0.05886882715143816	0.0027298346861236384	0.9368064286211574
18	0.8317258528201916	0.0045662171720066355	0.1610626846774638	0.0026452453303379246
19	0.3441718211289168	0.5114341939036458	0.09444952012206558	0.04994446484537174
20	0.5578646267899782	0.3023820854524944	0.07999383608817931	0.05975945166934807
21	0.0015949095412808626	0.05886882715143816	0.0027298346861236384	0.9368064286211574
22	0.9540093114127587	0.003866930243975065	0.03977528130036573	0.002348477042900377
23	0.6948278628474417	0.16482111864778426	0.09033901779606207	0.0500120007087119
24	0.9540093114127587	0.003866930243975065	0.03977528130036573	0.002348477042900377
25	0.9540093114127587	0.003866930243975065	0.03977528130036573	0.002348477042900377
26	0.022034249828191424	0.08147724772222416	0.023957999003193925	0.8725305034463905
27	0.8670327097154992	0.023797212939883395	0.08713217571955595	0.022037901625061543
28	0.8670327097154992	0.023797212939883395	0.08713217571955595	0.022037901625061543
29	0.039533606130422054	0.7887128395388863	0.03604431866529624	0.13570923566539544
30	0.8670327097154992	0.023797212939883395	0.08713217571955595	0.022037901625061543
31	0.022034249828191424	0.08147724772222416	0.023957999003193925	0.8725305034463905
32	0.8670327097154992	0.023797212939883395	0.08713217571955595	0.022037901625061543
33	0.8670327097154992	0.023797212939883395	0.08713217571955595	0.022037901625061543
34	0.022034249828191424	0.08147724772222416	0.023957999003193925	0.8725305034463905
35	0.8670327097154992	0.023797212939883395	0.08713217571955595	0.022037901625061543
36	0.022034249828191424	0.08147724772222416	0.023957999003193925	0.8725305034463905
37	0.8670327097154992	0.023797212939883395	0.08713217571955595	0.022037901625061543
38	0.8670327097154992	0.023797212939883395	0.08713217571955595	0.022037901625061543
39	0.8670327097154992	0.023797212939883395	0.08713217571955595	0.022037901625061543
40	0.8670327097154992	0.023797212939883395	0.08713217571955595	0.022037901625061543
41	0.022034249828191424	0.08147724772222416	0.023957999003193925	0.8725305034463905
42	0.039533606130422054	0.7887128395388863	0.03604431866529624	0.13570923566539544
43	0.8670327097154992	0.023797212939883395	0.08713217571955595	0.022037901625061543
44	0.039533606130422054	0.7887128395388863	0.03604431866529624	0.13570923566539544
45	0.022034249828191424	0.08147724772222416	0.023957999003193925	0.8725305034463905
46	0.022034249828191424	0.08147724772222416	0.023957999003193925	0.8725305034463905
47	0.8670327097154992	0.023797212939883395	0.08713217571955595	0.022037901625061543
48	0.8670327097154992	0.023797212939883395	0.08713217571955595	0.022037901625061543
49	0.8670327097154992	0.023797212939883395	0.08713217571955595	0.022037901625061543
50	0.8670327097154992	0.023797212939883395	0.08713217571955595	0.022037901625061543
51	0.022034249828191424	0.08147724772222416	0.023957999003193925	0.8725305034463905
52	0.039533606130422054	0.7887128395388863	0.03604431866529624	0.13570923566539544
53	0.8670327097154992	0.023797212939883395	0.08713217571955595	0.022037901625061543
54	0.022034249828191424	0.08147724772222416	0.023957999003193925	0.8725305034463905
55	0.1347402740274161	0.033556144823929386	0.7945978441843722	0.037105736964282376
56	0.022034249828191424	0.08147724772222416	0.023957999003193925	0.8725305034463905
57	0.1347402740274161	0.033556144823929386	0.7945978441843722	0.037105736964282376
58	0.022034249828191424	0.08147724772222416	0.023957999003193925	0.8725305034463905
59	0.022034249828191424	0.08147724772222416	0.023957999003193925	0.8725305034463905
60	0.022034249828191424	0.08147724772222416	0.023957999003193925	0.8725305034463905
61	0.022034249828191424	0.08147724772222416	0.023957999003193925	0.8725305034463905
62	0.8670327097154992	0.023797212939883395	0.08713217571955595	0.022037901625061543
63	0.8670327097154992	0.023797212939883395	0.08713217571955595	0.022037901625061543
64	0.8670327097154992	0.023797212939883395	0.08713217571955595	0.022037901625061543
65	0.039533606130422054	0.7887128395388863	0.03604431866529624	0.13570923566539544
66	0.022034249828191424	0.08147724772222416	0.023957999003193925	0.8725305034463905
67	0.8670327097154992	0.023797212939883395	0.08713217571955595	0.022037901625061543
68	0.039533606130422054	0.7887128395388863	0.03604431866529624	0.13570923566539544
69	0.1347402740274161	0.033556144823929386	0.7945978441843722	0.037105736964282376
70	0.039533606130422054	0.7887128395388863	0.03604431866529624	0.13570923566539544
71	0.022034249828191424	0.08147724772222416	0.023957999003193925	0.8725305034463905
72	0.022034249828191424	0.08147724772222416	0.023957999003193925	0.8725305034463905
73	0.8670327097154992	0.023797212939883395	0.08713217571955595	0.022037901625061543
74	0.1347402740274161	0.033556144823929386	0.7945978441843722	0.037105736964282376
75	0.022034249828191424	0.08147724772222416	0.023957999003193925	0.8725305034463905
76	0.022034249828191424	0.08147724772222416	0.023957999003193925	0.8725305034463905
77	0.022034249828191424	0.08147724772222416	0.023957999003193925	0.8725305034463905
78	0.8670327097154992	0.023797212939883395	0.08713217571955595	0.022037901625061543
79	0.8670327097154992	0.023797212939883395	0.08713217571955595	0.022037901625061543
80	0.022034249828191424	0.08147724772222416	0.023957999003193925	0.8725305034463905
81	0.022034249828191424	0.08147724772222416	0.023957999003193925	0.8725305034463905
82	0.8670327097154992	0.023797212939883395	0.08713217571955595	0.022037901625061543
83	0.1347402740274161	0.033556144823929386	0.7945978441843722	0.037105736964282376
84	0.022034249828191424	0.08147724772222416	0.023957999003193925	0.8725305034463905
85	0.022034249828191424	0.08147724772222416	0.023957999003193925	0.8725305034463905
86	0.022034249828191424	0.08147724772222416	0.023957999003193925	0.8725305034463905
87	0.022034249828191424	0.08147724772222416	0.023957999003193925	0.8725305034463905
88	0.1347402740274161	0.033556144823929386	0.7945978441843722	0.037105736964282376
89	0.1347402740274161	0.033556144823929386	0.7945978441843722	0.037105736964282376
90	0.022034249828191424	0.08147724772222416	0.023957999003193925	0.8725305034463905
91	0.1347402740274161	0.033556144823929386	0.7945978441843722	0.037105736964282376
92	0.039533606130422054	0.7887128395388863	0.03604431866529624	0.13570923566539544
93	0.1347402740274161	0.033556144823929386	0.7945978441843722	0.037105736964282376
94	0.022034249828191424	0.08147724772222416	0.023957999003193925	0.8725305034463905
95	0.022034249828191424	0.08147724772222416	0.023957999003193925	0.8725305034463905
96	0.022034249828191424	0.08147724772222416	0.023957999003193925	0.8725305034463905
97	0.8670327097154992	0.023797212939883395	0.08713217571955595	0.022037901625061543
98	0.1347402740274161	0.033556144823929386	0.7945978441843722	0.037105736964282376
99	0.039533606130422054	0.7887128395388863	0.03604431866529624	0.13570923566539544
100	0.1347402740274161	0.033556144823929386	0.7945978441843722	0.037105736964282376
101	0.8670327097154992	0.023797212939883395	0.08713217571955595	0.022037901625061543
102	0.022034249828191424	0.08147724772222416	0.023957999003193925	0.8725305034463905
103	0.022034249828191424	0.08147724772222416	0.023957999003193925	0.8725305034463905
104	0.039533606130422054	0.7887128395388863	0.03604431866529624	0.13570923566539544
105	0.1347402740274161	0.033556144823929386	0.7945978441843722	0.037105736964282376
106	0.022034249828191424	0.08147724772222416	0.023957999003193925	0.8725305034463905
107	0.039533606130422054	0.7887128395388863	0.03604431866529624	0.13570923566539544
108	0.8670327097154992	0.023797212939883395	0.08713217571955595	0.022037901625061543
109	0.022034249828191424	0.08147724772222416	0.023957999003193925	0.8725305034463905
110	0.022034249828191424	0.08147724772222416	0.023957999003193925	0.8725305034463905
111	0.1347402740274161	0.033556144823929386	0.7945978441843722	0.037105736964282376
112	0.022034249828191424	0.08147724772222416	0.023957999003193925	0.8725305034463905
113	0.8670327097154992	0.023797212939883395	0.08713217571955595	0.022037901625061543
114	0.039533606130422054	0.7887128395388863	0.03604431866529624	0.13570923566539544
115	0.8670327097154992	0.023797212939883395	0.08713217571955595	0.022037901625061543
116	0.022034249828191424	0.08147724772222416	0.023957999003193925	0.8725305034463905
117	0.1347402740274161	0.033556144823929386	0.7945978441843722	0.037105736964282376
118	0.1347402740274161	0.033556144823929386	0.7945978441843722	0.037105736964282376
119	0.022034249828191424	0.08147724772222416	0.023957999003193925	0.8725305034463905
120	0.1347402740274161	0.033556144823929386	0.7945978441843722	0.037105736964282376
121	0.022034249828191424	0.08147724772222416	0.023957999003193925	0.8725305034463905
122	0.1347402740274161	0.033556144823929386	0.7945978441843722	0.037105736964282376
123	0.022034249828191424	0.08147724772222416	0.023957999003193925	0.8725305034463905
124	0.022034249828191424	0.08147724772222416	0.023957999003193925	0.8725305034463905
125	0.1347402740274161	0.033556144823929386	0.7945978441843722	0.037105736964282376
126	0.022034249828191424	0.08147724772222416	0.023957999003193925	0.8725305034463905
127	0.1347402740274161	0.033556144823929386	0.7945978441843722	0.037105736964282376
128	0.022034249828191424	0.08147724772222416	0.023957999003193925	0.8725305034463905
129	0.1347402740274161	0.033556144823929386	0.7945978441843722	0.037105736964282376
130	0.022034249828191424	0.08147724772222416	0.023957999003193925	0.8725305034463905
131	0.022034249828191424	0.08147724772222416	0.023957999003193925	0.8725305034463905
132	0.022034249828191424	0.08147724772222416	0.023957999003193925	0.8725305034463905
133	0.022034249828191424	0.08147724772222416	0.023957999003193925	0.8725305034463905
134	0.8670327097154992	0.023797212939883395	0.08713217571955595	0.022037901625061543
135	0.022034249828191424	0.08147724772222416	0.023957999003193925	0.8725305034463905
136	0.1347402740274161	0.033556144823929386	0.7945978441843722	0.037105736964282376
137	0.8670327097154992	0.023797212939883395	0.08713217571955595	0.022037901625061543
138	0.022034249828191424	0.08147724772222416	0.023957999003193925	0.8725305034463905
139	0.001017427728247986	0.02691093907695386	0.0018228878402739269	0.9702487453545242
140	0.002702479452907017	0.1552591768370286	0.004388899789776837	0.8376494439202875
141	0.05060791407574768	0.07468626295485645	0.028299899518579058	0.8464059234508169
142	0.9331972755523846	0.002896928286679622	0.06231384732297017	0.001591948837965562
143	0.06454323851044257	0.317440259340138	0.5431069139845641	0.07490958816485539
144	0.001017427728247986	0.02691093907695386	0.0018228878402739269	0.9702487453545242
145	0.5578646267899782	0.3023820854524944	0.07999383608817931	0.05975945166934807
146	0.001017427728247986	0.02691093907695386	0.0018228878402739269	0.9702487453545242
147	0.06454323851044257	0.317440259340138	0.5431069139845641	0.07490958816485539
148	0.001017427728247986	0.02691093907695386	0.0018228878402739269	0.9702487453545242
149	0.005172665753882676	0.04321174580414667	0.012409448156765625	0.9392061402852051
150	0.002702479452907017	0.1552591768370286	0.004388899789776837	0.8376494439202875
151	0.002948165882868317	0.9138211246869462	0.00401479427777244	0.0792159151524131
152	0.009099485429742673	0.13684782022142525	0.011908449831745037	0.842144244517087
153	0.0046274468015911315	0.05383747168096563	0.006536372328308069	0.9349987091891352
154	0.7740001093847186	0.08640017179308666	0.09362034191377752	0.04597937690841719
155	0.9299186103140865	0.006882736492269548	0.05847009048967934	0.004728562703964634
156	0.8365445306605841	0.011912802476828275	0.14270479388695892	0.008837872975628793
157	0.047117928667052465	0.09039793991062532	0.08696507692935712	0.7755190544929651
158	0.009099485429742673	0.13684782022142525	0.011908449831745037	0.842144244517087
159	0.9299186103140865	0.006882736492269548	0.05847009048967934	0.004728562703964634
160	0.09434497961366987	0.09407678444387263	0.06418252790453097	0.7473957080379265
161	0.0046274468015911315	0.05383747168096563	0.006536372328308069	0.9349987091891352
162	0.10251676019348131	0.103837082162428	0.7276641068643097	0.06598205077978105
163	0.7426087818112826	0.06412920205109451	0.09694964700657668	0.0963123691310461
164	0.9299186103140865	0.006882736492269548	0.05847009048967934	0.004728562703964634
165	0.2078142106213511	0.013956466082745948	0.7667803028130846	0.011449020482818371
166	0.01095766226005674	0.8891056278987598	0.012024704815358528	0.08791200502582476
167	0.13093913538413	0.7044457240547816	0.07469398126601323	0.08992115929507527
168	0.01095766226005674	0.8891056278987598	0.012024704815358528	0.08791200502582476
169	0.09434497961366987	0.09407678444387263	0.06418252790453097	0.7473957080379265
170	0.9299186103140865	0.006882736492269548	0.05847009048967934	0.004728562703964634
171	0.0046274468015911315	0.05383747168096563	0.006536372328308069	0.9349987091891352
172	0.7740001093847186	0.08640017179308666	0.09362034191377752	0.04597937690841719
173	0.9299186103140865	0.006882736492269548	0.05847009048967934	0.004728562703964634
174	0.08885578352177631	0.011481393366813064	0.8894920663235519	0.010170756787858736
175	0.09216688803862765	0.07221953677838179	0.7061028346861201	0.12951074049687056
208	0.7740001093847186	0.08640017179308666	0.09362034191377752	0.04597937690841719
209	0.9299186103140865	0.006882736492269548	0.05847009048967934	0.004728562703964634
210	0.9299186103140865	0.006882736492269548	0.05847009048967934	0.004728562703964634
211	0.08885578352177631	0.011481393366813064	0.8894920663235519	0.010170756787858736
212	0.8365445306605841	0.011912802476828275	0.14270479388695892	0.008837872975628793
213	0.9677105344794972	0.0019783268945779723	0.02927133983594825	0.0010397987899766062
214	0.9677105344794972	0.0019783268945779723	0.02927133983594825	0.0010397987899766062
215	0.003960459132983906	0.7886953171445458	0.005684129242033445	0.20166009448043684
216	0.002434501436201913	0.9591778331230875	0.0031671238539297216	0.03522054158678088
217	0.6860162694629546	0.006444371252660072	0.30362807274910203	0.0039112865352833
218	0.002434501436201913	0.9591778331230875	0.0031671238539297216	0.03522054158678088
224	0.005172665753882676	0.04321174580414667	0.012409448156765625	0.9392061402852051
225	0.002948165882868317	0.9138211246869462	0.00401479427777244	0.0792159151524131
226	0.3564789911124963	0.006612574003960912	0.6327584486484904	0.004149986235052355
227	0.09190320346986121	0.7317577668284414	0.043093842729547284	0.1332451869721501
228	0.031089183827941434	0.7254554789643771	0.09682879376850452	0.14662654343917694
229	0.013710678446934972	0.2344899202079677	0.02978044488731916	0.7220189564577782
230	0.001017427728247986	0.02691093907695386	0.0018228878402739269	0.9702487453545242
231	0.5632264911902162	0.24017648568659244	0.08454095337365491	0.11205606974953647
232	0.003960459132983906	0.7886953171445458	0.005684129242033445	0.20166009448043684
233	0.002434501436201913	0.9591778331230875	0.0031671238539297216	0.03522054158678088
234	0.9331972755523846	0.002896928286679622	0.06231384732297017	0.001591948837965562
235	0.01003406590675949	0.9258840043611456	0.018275417252492477	0.04580651247960233
236	0.08332921983999009	0.15758089998204172	0.0439066218929655	0.7151832582850026
237	0.9361149446692775	0.013139776344465308	0.045588225794330924	0.005157053191926329
238	0.036873771535080375	0.003143024133900316	0.9577054249609407	0.0022777793700786346
239	0.002948165882868317	0.9138211246869462	0.00401479427777244	0.0792159151524131
240	0.002702479452907017	0.1552591768370286	0.004388899789776837	0.8376494439202875
241	0.10251676019348131	0.103837082162428	0.7276641068643097	0.06598205077978105
242	0.10251676019348131	0.103837082162428	0.7276641068643097	0.06598205077978105
243	0.08885578352177631	0.011481393366813064	0.8894920663235519	0.010170756787858736
244	0.9299186103140865	0.006882736492269548	0.05847009048967934	0.004728562703964634
245	0.0046274468015911315	0.05383747168096563	0.006536372328308069	0.9349987091891352
246	0.012125467967857564	0.7611252487572977	0.014361902462622787	0.21238738081222194
247	0.047117928667052465	0.09039793991062532	0.08696507692935712	0.7755190544929651
248	0.7426087818112826	0.06412920205109451	0.09694964700657668	0.0963123691310461
249	0.08885578352177631	0.011481393366813064	0.8894920663235519	0.010170756787858736
250	0.012125467967857564	0.7611252487572977	0.014361902462622787	0.21238738081222194
251	0.0046274468015911315	0.05383747168096563	0.006536372328308069	0.9349987091891352
252	0.7740001093847186	0.08640017179308666	0.09362034191377752	0.04597937690841719
253	0.10251676019348131	0.103837082162428	0.7276641068643097	0.06598205077978105
254	0.7740001093847186	0.08640017179308666	0.09362034191377752	0.04597937690841719
255	0.08885578352177631	0.011481393366813064	0.8894920663235519	0.010170756787858736
256	0.01095766226005674	0.8891056278987598	0.012024704815358528	0.08791200502582476
257	0.0046274468015911315	0.05383747168096563	0.006536372328308069	0.9349987091891352
258	0.012125467967857564	0.7611252487572977	0.014361902462622787	0.21238738081222194
259	0.012125467967857564	0.7611252487572977	0.014361902462622787	0.21238738081222194
260	0.10251676019348131	0.103837082162428	0.7276641068643097	0.06598205077978105
261	0.09216688803862765	0.07221953677838179	0.7061028346861201	0.12951074049687056
262	0.004388350789397237	0.62624030948316	0.006592890019132076	0.3627784497083106
263	0.05227163644816009	0.09311677646381794	0.5079490565835489	0.34666253050447304
264	0.002702479452907017	0.1552591768370286	0.004388899789776837	0.8376494439202875
265	0.9331972755523846	0.002896928286679622	0.06231384732297017	0.001591948837965562
266	0.9316421968999418	0.01020525772011391	0.04815112190664798	0.010001423473296375
267	0.9331972755523846	0.002896928286679622	0.06231384732297017	0.001591948837965562
268	0.9316421968999418	0.01020525772011391	0.04815112190664798	0.010001423473296375
269	0.031089183827941434	0.7254554789643771	0.09682879376850452	0.14662654343917694
270	0.06315869253447706	0.24437938210511592	0.5563192374759378	0.1361426878844692
271	0.8317258528201916	0.0045662171720066355	0.1610626846774638	0.0026452453303379246
272	0.3564789911124963	0.006612574003960912	0.6327584486484904	0.004149986235052355
273	0.002434501436201913	0.9591778331230875	0.0031671238539297216	0.03522054158678088
274	0.002702479452907017	0.1552591768370286	0.004388899789776837	0.8376494439202875
275	0.9331972755523846	0.002896928286679622	0.06231384732297017	0.001591948837965562
276	0.002948165882868317	0.9138211246869462	0.00401479427777244	0.0792159151524131
277	0.20140446144698293	0.00567306014544981	0.7891999878224961	0.003722490585071266
278	0.01095766226005674	0.8891056278987598	0.012024704815358528	0.08791200502582476
279	0.0046274468015911315	0.05383747168096563	0.006536372328308069	0.9349987091891352
280	0.0046274468015911315	0.05383747168096563	0.006536372328308069	0.9349987091891352
362	0.0046274468015911315	0.05383747168096563	0.006536372328308069	0.9349987091891352
363	0.0046274468015911315	0.05383747168096563	0.006536372328308069	0.9349987091891352
364	0.20140446144698293	0.00567306014544981	0.7891999878224961	0.003722490585071266
365	0.02612780249052497	0.14655720725771448	0.09233245943943015	0.7349825308123303
366	0.9677105344794972	0.0019783268945779723	0.02927133983594825	0.0010397987899766062
367	0.11376925779821803	0.08414896003596235	0.23836849493758835	0.5637132872282313
368	0.00412430534159252	0.30117957104377924	0.0063986404424988645	0.6882974831721294
369	0.9677105344794972	0.0019783268945779723	0.02927133983594825	0.0010397987899766062
370	0.0054252189030264296	0.9354374723120541	0.006399450999892963	0.052737857785026626
371	0.9677105344794972	0.0019783268945779723	0.02927133983594825	0.0010397987899766062
372	0.7213390180490564	0.03003282975618598	0.2356035050858603	0.013024647108897258
373	0.09434497961366987	0.09407678444387263	0.06418252790453097	0.7473957080379265
374	0.0046274468015911315	0.05383747168096563	0.006536372328308069	0.9349987091891352
375	0.012125467967857564	0.7611252487572977	0.014361902462622787	0.21238738081222194
376	0.08885578352177631	0.011481393366813064	0.8894920663235519	0.010170756787858736
377	0.10251676019348131	0.103837082162428	0.7276641068643097	0.06598205077978105
378	0.09434497961366987	0.09407678444387263	0.06418252790453097	0.7473957080379265
379	0.0015949095412808626	0.05886882715143816	0.0027298346861236384	0.9368064286211574
380	0.9677105344794972	0.0019783268945779723	0.02927133983594825	0.0010397987899766062
381	0.7213390180490564	0.03003282975618598	0.2356035050858603	0.013024647108897258
382	0.14861112992571582	0.09710124425948242	0.7249225541719232	0.02936507164287866
383	0.024991301265010184	0.24245200270181652	0.022476643777632806	0.7100800522555405
384	0.02612780249052497	0.14655720725771448	0.09233245943943015	0.7349825308123303
385	0.9677105344794972	0.0019783268945779723	0.02927133983594825	0.0010397987899766062
386	0.9677105344794972	0.0019783268945779723	0.02927133983594825	0.0010397987899766062
387	0.002434501436201913	0.9591778331230875	0.0031671238539297216	0.03522054158678088
388	0.009633030928115233	0.04569243053580019	0.00959908899670902	0.9350754495393756
389	0.00412430534159252	0.30117957104377924	0.0063986404424988645	0.6882974831721294
390	0.08033404913978422	0.004001842928080541	0.9128959281635918	0.002768179768543582
391	0.08033404913978422	0.004001842928080541	0.9128959281635918	0.002768179768543582
392	0.11376925779821803	0.08414896003596235	0.23836849493758835	0.5637132872282313
393	0.0015949095412808626	0.05886882715143816	0.0027298346861236384	0.9368064286211574
394	0.054170779944063684	0.006213958716744626	0.9345599700449335	0.005055291294258237
395	0.08033404913978422	0.004001842928080541	0.9128959281635918	0.002768179768543582
396	0.9677105344794972	0.0019783268945779723	0.02927133983594825	0.0010397987899766062
397	0.8317258528201916	0.0045662171720066355	0.1610626846774638	0.0026452453303379246
398	0.9361149446692775	0.013139776344465308	0.045588225794330924	0.005157053191926329
399	0.002434501436201913	0.9591778331230875	0.0031671238539297216	0.03522054158678088
400	0.9677105344794972	0.0019783268945779723	0.02927133983594825	0.0010397987899766062
401	0.8522442740079839	0.06136963378402099	0.07084308876373517	0.015543003444260028
402	0.08033404913978422	0.004001842928080541	0.9128959281635918	0.002768179768543582
403	0.002434501436201913	0.9591778331230875	0.0031671238539297216	0.03522054158678088
404	0.002434501436201913	0.9591778331230875	0.0031671238539297216	0.03522054158678088
405	0.8317258528201916	0.0045662171720066355	0.1610626846774638	0.0026452453303379246
406	0.9677105344794972	0.0019783268945779723	0.02927133983594825	0.0010397987899766062
407	0.7213390180490564	0.03003282975618598	0.2356035050858603	0.013024647108897258
408	0.0015949095412808626	0.05886882715143816	0.0027298346861236384	0.9368064286211574
409	0.04584002829096804	0.013352681050642894	0.9234633086312373	0.017343982027151775
410	0.002948165882868317	0.9138211246869462	0.00401479427777244	0.0792159151524131
411	0.001017427728247986	0.02691093907695386	0.0018228878402739269	0.9702487453545242
412	0.9331972755523846	0.002896928286679622	0.06231384732297017	0.001591948837965562
413	0.06454323851044257	0.317440259340138	0.5431069139845641	0.07490958816485539
414	0.004388350789397237	0.62624030948316	0.006592890019132076	0.3627784497083106
415	0.009099485429742673	0.13684782022142525	0.011908449831745037	0.842144244517087
416	0.7426087818112826	0.06412920205109451	0.09694964700657668	0.0963123691310461
417	0.009099485429742673	0.13684782022142525	0.011908449831745037	0.842144244517087
418	0.012125467967857564	0.7611252487572977	0.014361902462622787	0.21238738081222194
419	0.8365445306605841	0.011912802476828275	0.14270479388695892	0.008837872975628793
420	0.0046274468015911315	0.05383747168096563	0.006536372328308069	0.9349987091891352
421	0.0046274468015911315	0.05383747168096563	0.006536372328308069	0.9349987091891352
422	0.01095766226005674	0.8891056278987598	0.012024704815358528	0.08791200502582476
423	0.09216688803862765	0.07221953677838179	0.7061028346861201	0.12951074049687056
424	0.01095766226005674	0.8891056278987598	0.012024704815358528	0.08791200502582476
425	0.9299186103140865	0.006882736492269548	0.05847009048967934	0.004728562703964634
426	0.047117928667052465	0.09039793991062532	0.08696507692935712	0.7755190544929651
427	0.047117928667052465	0.09039793991062532	0.08696507692935712	0.7755190544929651
428	0.01095766226005674	0.8891056278987598	0.012024704815358528	0.08791200502582476
429	0.2078142106213511	0.013956466082745948	0.7667803028130846	0.011449020482818371
430	0.1347402740274161	0.033556144823929386	0.7945978441843722	0.037105736964282376
431	0.8670327097154992	0.023797212939883395	0.08713217571955595	0.022037901625061543
432	0.039533606130422054	0.7887128395388863	0.03604431866529624	0.13570923566539544
433	0.8670327097154992	0.023797212939883395	0.08713217571955595	0.022037901625061543
434	0.022034249828191424	0.08147724772222416	0.023957999003193925	0.8725305034463905
435	0.1347402740274161	0.033556144823929386	0.7945978441843722	0.037105736964282376
436	0.8670327097154992	0.023797212939883395	0.08713217571955595	0.022037901625061543
437	0.1347402740274161	0.033556144823929386	0.7945978441843722	0.037105736964282376
438	0.1347402740274161	0.033556144823929386	0.7945978441843722	0.037105736964282376
439	0.8670327097154992	0.023797212939883395	0.08713217571955595	0.022037901625061543
440	0.8670327097154992	0.023797212939883395	0.08713217571955595	0.022037901625061543
441	0.1347402740274161	0.033556144823929386	0.7945978441843722	0.037105736964282376
442	0.1347402740274161	0.033556144823929386	0.7945978441843722	0.037105736964282376
443	0.022034249828191424	0.08147724772222416	0.023957999003193925	0.8725305034463905
444	0.1347402740274161	0.033556144823929386	0.7945978441843722	0.037105736964282376
445	0.8670327097154992	0.023797212939883395	0.08713217571955595	0.022037901625061543
446	0.8670327097154992	0.023797212939883395	0.08713217571955595	0.022037901625061543
447	0.039533606130422054	0.7887128395388863	0.03604431866529624	0.13570923566539544
448	0.1347402740274161	0.033556144823929386	0.7945978441843722	0.037105736964282376
449	0.039533606130422054	0.7887128395388863	0.03604431866529624	0.13570923566539544
450	0.8670327097154992	0.023797212939883395	0.08713217571955595	0.022037901625061543
451	0.1347402740274161	0.033556144823929386	0.7945978441843722	0.037105736964282376
452	0.022034249828191424	0.08147724772222416	0.023957999003193925	0.8725305034463905
453	0.1347402740274161	0.033556144823929386	0.7945978441843722	0.037105736964282376
454	0.8670327097154992	0.023797212939883395	0.08713217571955595	0.022037901625061543
455	0.8670327097154992	0.023797212939883395	0.08713217571955595	0.022037901625061543
456	0.022034249828191424	0.08147724772222416	0.023957999003193925	0.8725305034463905
457	0.039533606130422054	0.7887128395388863	0.03604431866529624	0.13570923566539544
458	0.8670327097154992	0.023797212939883395	0.08713217571955595	0.022037901625061543
459	0.022034249828191424	0.08147724772222416	0.023957999003193925	0.8725305034463905
460	0.8670327097154992	0.023797212939883395	0.08713217571955595	0.022037901625061543
461	0.1347402740274161	0.033556144823929386	0.7945978441843722	0.037105736964282376
462	0.022034249828191424	0.08147724772222416	0.023957999003193925	0.8725305034463905
463	0.1347402740274161	0.033556144823929386	0.7945978441843722	0.037105736964282376
464	0.1347402740274161	0.033556144823929386	0.7945978441843722	0.037105736964282376
465	0.022034249828191424	0.08147724772222416	0.023957999003193925	0.8725305034463905
466	0.1347402740274161	0.033556144823929386	0.7945978441843722	0.037105736964282376
467	0.1347402740274161	0.033556144823929386	0.7945978441843722	0.037105736964282376
468	0.022034249828191424	0.08147724772222416	0.023957999003193925	0.8725305034463905
469	0.8670327097154992	0.023797212939883395	0.08713217571955595	0.022037901625061543
470	0.039533606130422054	0.7887128395388863	0.03604431866529624	0.13570923566539544
471	0.1347402740274161	0.033556144823929386	0.7945978441843722	0.037105736964282376
472	0.039533606130422054	0.7887128395388863	0.03604431866529624	0.13570923566539544
473	0.022034249828191424	0.08147724772222416	0.023957999003193925	0.8725305034463905
474	0.039533606130422054	0.7887128395388863	0.03604431866529624	0.13570923566539544
475	0.022034249828191424	0.08147724772222416	0.023957999003193925	0.8725305034463905
476	0.022034249828191424	0.08147724772222416	0.023957999003193925	0.8725305034463905
477	0.1347402740274161	0.033556144823929386	0.7945978441843722	0.037105736964282376
478	0.1347402740274161	0.033556144823929386	0.7945978441843722	0.037105736964282376
479	0.1347402740274161	0.033556144823929386	0.7945978441843722	0.037105736964282376
480	0.1347402740274161	0.033556144823929386	0.7945978441843722	0.037105736964282376
481	0.022034249828191424	0.08147724772222416	0.023957999003193925	0.8725305034463905
482	0.1347402740274161	0.033556144823929386	0.7945978441843722	0.037105736964282376
483	0.1347402740274161	0.033556144823929386	0.7945978441843722	0.037105736964282376
484	0.022034249828191424	0.08147724772222416	0.023957999003193925	0.8725305034463905
485	0.022034249828191424	0.08147724772222416	0.023957999003193925	0.8725305034463905
486	0.039533606130422054	0.7887128395388863	0.03604431866529624	0.13570923566539544
487	0.039533606130422054	0.7887128395388863	0.03604431866529624	0.13570923566539544
488	0.039533606130422054	0.7887128395388863	0.03604431866529624	0.13570923566539544
489	0.8670327097154992	0.023797212939883395	0.08713217571955595	0.022037901625061543
490	0.8670327097154992	0.023797212939883395	0.08713217571955595	0.022037901625061543
491	0.1347402740274161	0.033556144823929386	0.7945978441843722	0.037105736964282376
492	0.8317258528201916	0.0045662171720066355	0.1610626846774638	0.0026452453303379246
493	0.004388350789397237	0.62624030948316	0.006592890019132076	0.3627784497083106
494	0.0015949095412808626	0.05886882715143816	0.0027298346861236384	0.9368064286211574
495	0.001017427728247986	0.02691093907695386	0.0018228878402739269	0.9702487453545242
496	0.01768054022023332	0.9254369490470826	0.013333870704747341	0.04354864002793671
497	0.08033404913978422	0.004001842928080541	0.9128959281635918	0.002768179768543582
498	0.00412430534159252	0.30117957104377924	0.0063986404424988645	0.6882974831721294
499	0.8317258528201916	0.0045662171720066355	0.1610626846774638	0.0026452453303379246
500	0.06454323851044257	0.317440259340138	0.5431069139845641	0.07490958816485539
501	0.08033404913978422	0.004001842928080541	0.9128959281635918	0.002768179768543582
502	0.3564789911124963	0.006612574003960912	0.6327584486484904	0.004149986235052355
503	0.004388350789397237	0.62624030948316	0.006592890019132076	0.3627784497083106
504	0.00412430534159252	0.30117957104377924	0.0063986404424988645	0.6882974831721294
505	0.9677105344794972	0.0019783268945779723	0.02927133983594825	0.0010397987899766062
506	0.3541025477810491	0.11035304607306189	0.3883629875281764	0.1471814186177126
507	0.11322785703234847	0.21398308300349594	0.09503831385330266	0.577750746110853
508	0.009099485429742673	0.13684782022142525	0.011908449831745037	0.842144244517087
509	0.3564789911124963	0.006612574003960912	0.6327584486484904	0.004149986235052355
510	0.08033404913978422	0.004001842928080541	0.9128959281635918	0.002768179768543582
511	0.2084036328790832	0.08715996230369008	0.15056553983246077	0.5538708649847659
512	0.06274812095798177	0.0794134982341463	0.30048128589602924	0.5573570949118427
513	0.9677105344794972	0.0019783268945779723	0.02927133983594825	0.0010397987899766062
514	0.08033404913978422	0.004001842928080541	0.9128959281635918	0.002768179768543582
515	0.08071892166135455	0.8235614523799877	0.03566368180150349	0.06005594415715434
516	0.0015949095412808626	0.05886882715143816	0.0027298346861236384	0.9368064286211574
517	0.06314285635321108	0.035526152294149564	0.8215991090842759	0.07973188226836347
518	0.00412430534159252	0.30117957104377924	0.0063986404424988645	0.6882974831721294
519	0.005172665753882676	0.04321174580414667	0.012409448156765625	0.9392061402852051
520	0.9677105344794972	0.0019783268945779723	0.02927133983594825	0.0010397987899766062
521	0.10251676019348131	0.103837082162428	0.7276641068643097	0.06598205077978105
522	0.09434497961366987	0.09407678444387263	0.06418252790453097	0.7473957080379265
523	0.8365445306605841	0.011912802476828275	0.14270479388695892	0.008837872975628793
524	0.8365445306605841	0.011912802476828275	0.14270479388695892	0.008837872975628793
525	0.09216688803862765	0.07221953677838179	0.7061028346861201	0.12951074049687056
526	0.9299186103140865	0.006882736492269548	0.05847009048967934	0.004728562703964634
527	0.012125467967857564	0.7611252487572977	0.014361902462622787	0.21238738081222194
528	0.012125467967857564	0.7611252487572977	0.014361902462622787	0.21238738081222194
529	0.047117928667052465	0.09039793991062532	0.08696507692935712	0.7755190544929651
530	0.7426087818112826	0.06412920205109451	0.09694964700657668	0.0963123691310461
531	0.7426087818112826	0.06412920205109451	0.09694964700657668	0.0963123691310461
532	0.009099485429742673	0.13684782022142525	0.011908449831745037	0.842144244517087
533	0.10251676019348131	0.103837082162428	0.7276641068643097	0.06598205077978105
534	0.047117928667052465	0.09039793991062532	0.08696507692935712	0.7755190544929651
535	0.047117928667052465	0.09039793991062532	0.08696507692935712	0.7755190544929651
536	0.01095766226005674	0.8891056278987598	0.012024704815358528	0.08791200502582476
537	0.10251676019348131	0.103837082162428	0.7276641068643097	0.06598205077978105
538	0.047117928667052465	0.09039793991062532	0.08696507692935712	0.7755190544929651
539	0.0046274468015911315	0.05383747168096563	0.006536372328308069	0.9349987091891352
540	0.0046274468015911315	0.05383747168096563	0.006536372328308069	0.9349987091891352
541	0.10251676019348131	0.103837082162428	0.7276641068643097	0.06598205077978105
542	0.009099485429742673	0.13684782022142525	0.011908449831745037	0.842144244517087
543	0.08885578352177631	0.011481393366813064	0.8894920663235519	0.010170756787858736
544	0.9299186103140865	0.006882736492269548	0.05847009048967934	0.004728562703964634
545	0.0046274468015911315	0.05383747168096563	0.006536372328308069	0.9349987091891352
546	0.7426087818112826	0.06412920205109451	0.09694964700657668	0.0963123691310461
547	0.06980518879134297	0.7225608848369176	0.10803501021451384	0.09959891615722562
548	0.7426087818112826	0.06412920205109451	0.09694964700657668	0.0963123691310461
549	0.08885578352177631	0.011481393366813064	0.8894920663235519	0.010170756787858736
550	0.0046274468015911315	0.05383747168096563	0.006536372328308069	0.9349987091891352
551	0.012125467967857564	0.7611252487572977	0.014361902462622787	0.21238738081222194
552	0.10251676019348131	0.103837082162428	0.7276641068643097	0.06598205077978105
553	0.7740001093847186	0.08640017179308666	0.09362034191377752	0.04597937690841719
554	0.7740001093847186	0.08640017179308666	0.09362034191377752	0.04597937690841719
555	0.8365445306605841	0.011912802476828275	0.14270479388695892	0.008837872975628793
556	0.10251676019348131	0.103837082162428	0.7276641068643097	0.06598205077978105
557	0.0046274468015911315	0.05383747168096563	0.006536372328308069	0.9349987091891352
558	0.0046274468015911315	0.05383747168096563	0.006536372328308069	0.9349987091891352
559	0.09216688803862765	0.07221953677838179	0.7061028346861201	0.12951074049687056
560	0.009099485429742673	0.13684782022142525	0.011908449831745037	0.842144244517087
561	0.0046274468015911315	0.05383747168096563	0.006536372328308069	0.9349987091891352
562	0.0046274468015911315	0.05383747168096563	0.006536372328308069	0.9349987091891352
563	0.012125467967857564	0.7611252487572977	0.014361902462622787	0.21238738081222194
564	0.012125467967857564	0.7611252487572977	0.014361902462622787	0.21238738081222194
565	0.08885578352177631	0.011481393366813064	0.8894920663235519	0.010170756787858736
566	0.0046274468015911315	0.05383747168096563	0.006536372328308069	0.9349987091891352
567	0.8365445306605841	0.011912802476828275	0.14270479388695892	0.008837872975628793
568	0.0046274468015911315	0.05383747168096563	0.006536372328308069	0.9349987091891352
569	0.09216688803862765	0.07221953677838179	0.7061028346861201	0.12951074049687056
570	0.09216688803862765	0.07221953677838179	0.7061028346861201	0.12951074049687056
571	0.9299186103140865	0.006882736492269548	0.05847009048967934	0.004728562703964634
572	0.2078142106213511	0.013956466082745948	0.7667803028130846	0.011449020482818371
573	0.01095766226005674	0.8891056278987598	0.012024704815358528	0.08791200502582476
574	0.0046274468015911315	0.05383747168096563	0.006536372328308069	0.9349987091891352
575	0.06980518879134297	0.7225608848369176	0.10803501021451384	0.09959891615722562
576	0.09216688803862765	0.07221953677838179	0.7061028346861201	0.12951074049687056
577	0.036873771535080375	0.003143024133900316	0.9577054249609407	0.0022777793700786346
578	0.00412430534159252	0.30117957104377924	0.0063986404424988645	0.6882974831721294
579	0.004388350789397237	0.62624030948316	0.006592890019132076	0.3627784497083106
580	0.001017427728247986	0.02691093907695386	0.0018228878402739269	0.9702487453545242
581	0.05227163644816009	0.09311677646381794	0.5079490565835489	0.34666253050447304
582	0.031089183827941434	0.7254554789643771	0.09682879376850452	0.14662654343917694
583	0.036873771535080375	0.003143024133900316	0.9577054249609407	0.0022777793700786346
584	0.002434501436201913	0.9591778331230875	0.0031671238539297216	0.03522054158678088
585	0.14861112992571582	0.09710124425948242	0.7249225541719232	0.02936507164287866
586	0.30518719074952655	0.08405554223992859	0.09987864254776598	0.5108786244627789
587	0.015761735289762484	0.06816965169063641	0.05854382772541226	0.8575247852941889
588	0.9316421968999418	0.01020525772011391	0.04815112190664798	0.010001423473296375
589	0.6860162694629546	0.006444371252660072	0.30362807274910203	0.0039112865352833
590	0.036873771535080375	0.003143024133900316	0.9577054249609407	0.0022777793700786346
591	0.002948165882868317	0.9138211246869462	0.00401479427777244	0.0792159151524131
592	0.8365445306605841	0.011912802476828275	0.14270479388695892	0.008837872975628793
